Time	M0	M1	L0	L1
0	0	0	0	0
5.5	0	781.797856462157	0	24.9394920575863
11	0	957.168800815368	0	183.886308262904
16.5	0	991.458806870415	0	358.698406690192
22	0	998.314054140957	0	487.83453647203
27.5	0	999.670237913461	0	578.734135201799
33	0	999.9358427982	0	644.163288725452
38.5	0	999.987557904989	0	692.856424556517
44	0	999.997591538208	0	730.251707823701
49.5	0	999.999532853116	0	759.759199046578
55	0	999.999909531859	0	783.580975100326
60.5	0	999.999981448647	0	803.186452883005
66	0	999.999996241939	0	819.587430862375
71.5	0	999.999998310912	0	833.500081800466
77	0	999.999998934697	0	845.444534483384
82.5	0	999.999999928655	0	855.807287499034
88	0	999.999999865385	0	864.880218379033
93.5	0	1000.00000000987	0	872.888148453087
99	0	1000.00000001456	0	880.006995603728
104.5	0	999.999999975355	0	886.376080166747
110	0	1000.00000007386	0	892.107369926545
115.5	0	1000.00000045789	0	897.292968044287
121	0	1000.000000413	0	902.005848956588
126.5	0	1000.00000011768	0	906.306795944427
132	0	999.999999939811	0	910.247075129158
137.5	0	999.999999957739	0	913.870513211421
143	0	1000.00000001815	0	917.213998810483
148.5	0	1000.00000002492	0	920.308647693275
154	0	1000.00000000109	0	923.181056514567
159.5	0	999.999999990092	0	925.854233362973
165	0	999.999999996062	0	928.348181408247
170.5	0	1000.00000000256	0	930.680319989815
176	0	1000.00000000238	0	932.865865150302
181.5	0	999.9999999991	0	934.918204598607
187	0	999.999999991653	0	936.849390053976
192.5	0	999.999999991996	0	938.669554056578
198	0	999.999999982859	0	940.388805169153
203.5	0	999.999999981686	0	942.01447937045
209	0	999.999999982233	0	943.55399146891
214.5	0	999.999999981709	0	945.013639035716
220	0	999.999999989049	0	946.398655998306
225.5	0	999.999999992419	0	947.71535593394
231	0	999.999999997099	0	948.968516323637
236.5	0	1000.00000000024	0	950.162942624487
242	0	1000.00000000081	0	951.303682764851
247.5	0	1000.00000000047	0	952.393828399124
253	0	999.99999999978	0	953.437130563726
258.5	0	999.999999999002	0	954.43638307517
264	0	999.999999998616	0	955.393745424172
269.5	0	999.99999999934	0	956.311300449864
275	0	1000.00000000008	0	957.191559215464
280.5	0	1000.00000000039	0	958.036315377805
286	0	1000.00000000087	0	958.848018934929
291.5	0	1000.00000000057	0	959.629145262841
297	0	1000.00000000014	0	960.38118782523
302.5	0	999.999999999816	0	961.106417676107
308	0	999.999999999606	0	961.80622503489
313.5	0	999.999999999545	0	962.481582255224
319	0	999.999999999823	0	963.133517046261
324.5	0	1000.00000000009	0	963.763077203459
330	0	1000.00000000016	0	964.370810729586
335.5	0	1000.00000000026	0	964.958186365617
341	0	1000.00000000015	0	965.526255945569
346.5	0	999.999999999989	0	966.076005089234
352	0	999.999999999898	0	966.608890081335
357.5	0	999.999999999867	0	967.125736941367
363	0	999.999999999877	0	967.627184607809
368.5	0	999.999999999971	0	968.113925828777
374	0	1000.00000000006	0	968.586319380126
379.5	0	1000.00000000006	0	969.04452994265
385	0	1000.00000000008	0	969.489398046954
390.5	0	1000.00000000004	0	969.9212081283
396	0	999.99999999998	0	970.340715063314
401.5	0	999.999999999957	0	970.748769120835
407	0	999.999999999959	0	971.145920223457
412.5	0	999.99999999997	0	971.532714803233
418	0	1000	0	971.909704562131
423.5	0	1000.00000000003	0	972.276981815667
429	0	1000.00000000002	0	972.634695100729
434.5	0	1000.00000000002	0	972.983352576547
440	0	1000.00000000001	0	973.322986236017
445.5	0	999.999999999989	0	973.654051441945
451	0	999.999999999984	0	973.976922671596
456.5	0	999.999999999988	0	974.291927309704
462	0	999.999999999995	0	974.599447654647
467.5	0	1000	0	974.899860065935
473	0	1000.00000000001	0	975.193300200133
478.5	0	1000.00000000001	0	975.47999841959
484	0	1000	0	975.76016170306
489.5	0	1000	0	976.033838872603
495	0	999.999999999996	0	976.301364183943
500.5	0	999.999999999995	0	976.562914533639
506	0	999.999999999997	0	976.818723712346
511.5	0	1000	0	977.069074115399
517	0	1000	0	977.314204571884
522.5	0	1000	0	977.554190967003
528	0	1000	0	977.789196820151
533.5	0	1000	0	978.019318554778
539	0	1000	0	978.244564829557
544.5	0	999.999999999999	0	978.46519219975
550	0	999.999999999999	0	978.681318540144
555.5	0	1000	0	978.893136832614
561	0	1000	0	979.100897563164
566.5	0	1000	0	979.30479309776
572	0	1000	0	979.504840236154
577.5	0	1000	0	979.701146633773
583	0	1000	0	979.893698744846
588.5	0	1000	0	980.082391936913
594	0	1000	0	980.267447618954
599.5	0	1000	0	980.448886676149
605	0	1000	0	980.626911451025
610.5	0	1000	0	980.801834022723
616	0	1000	0	980.973890935321
621.5	0	1000	0	981.143119106993
627	0	1000	0	981.309698296469
632.5	0	1000	0	981.473451229851
638	0	1000	0	981.634166392339
643.5	0	1000	0	981.791959115163
649	0	1000	0	981.946588950588
654.5	0	1000	0	982.098237115294
660	0	1000	0	982.24723982265
665.5	0	1000	0	982.393877551682
671	0	1000	0	982.538394864981
676.5	0	1000	0	982.681199261883
682	0	1000	0	982.821816151854
687.5	0	1000	0	982.960047085171
693	0	1000	0	983.096224532041
698.5	0	1000	0	983.230057138095
704	0	1000	0	983.361599411129
709.5	0	1000	0	983.490988991989
715	0	1000	0	983.618314954742
720.5	0	1000	0	983.743623573331
726	0	1000	0	983.867120771598
731.5	0	1000	0	983.988776013215
737	0	1000	0	984.108670812192
742.5	0	1000	0	984.226856684127
748	0	1000	0	984.34329699801
753.5	0	1000	0	984.458031778005
759	0	1000	0	984.571083860464
764.5	0	1000	0	984.682463225526
770	0	1000	0	984.792224045078
775.5	0	1000	0	984.900418300887
781	0	1000	0	985.007066284494
786.5	0	1000	0	985.112237469886
792	0	1000	0	985.215949107426
797.5	0	1000	0	985.318237806589
803	0	1000	0	985.419133671408
808.5	0	1000	0	985.518656234169
814	0	1000	0	985.616825074714
819.5	0	1000	0	985.713671750483
825	0	1000	0	985.809215386112
830.5	0	1000	0	985.903484495877
836	0	1000	0	985.996509128662
841.5	0	1000	0	986.088298685838
847	0	1000	0	986.178886778732
852.5	0	1000	0	986.268307938338
858	0	1000	0	986.356578304971
863.5	0	1000	0	986.443705750829
869	0	1000	0	986.529732784531
874.5	0	1000	0	986.614694178948
880	0	1000	0	986.69857666162
885.5	0	1000	0	986.78141986737
891	0	1000	0	986.863247497316
896.5	0	1000	0	986.944076323078
902	0	1000	0	987.023917754795
907.5	0	1000	0	987.102792294038
913	0	1000	0	987.180714927983
918.5	0	1000	0	987.257705646527
924	0	1000	0	987.333777441194
929.5	0	1000	0	987.40894450723
935	0	1000	-1.99940067664451E-24	987.483228184594
940.5	0	1000	-8.5268349041917E-24	987.556651074875
946	0	1000	-1.88410798315056E-23	987.629222076726
951.5	0	1000	-3.3546150985646E-23	987.700954625509
957	0	1000	-5.31980615904939E-23	987.77186118189
962.5	0	1000	-7.83048225667517E-23	987.841953231837
968	0	1000	-1.09326442531943E-22	987.911241286623
973.5	0	1000	-1.46674927800412E-22	987.979734882824
979	0	1000	-6.87163719731664E-22	988.047477329142
984.5	0	1000	-1.64460827913275E-21	988.11447015853
990	0	1000	-2.97390478916807E-21	988.180716807874
995.5	0	1000	-4.74004933637424E-21	988.246227448685
1001	0	1000	-7.0120354672876E-21	988.311011560924
1006.5	0	1000	-9.86285418844415E-21	988.375077932999
1012	0	1000	-1.33694939663796E-20	988.438434661769
1017.5	0	1000	-1.76126376985885E-20	988.501092544138
1023	0	1000	-2.26734012879174E-20	988.56310158002
1028.5	0	1000	-2.86429009163136E-20	988.624443892236
1034	0	1000	-3.56137192295079E-20	988.685129239801
1039.5	0	1000	-4.3682406213715E-20	988.74516702729
1045	0	1000	-5.29494791956328E-20	988.804566304829
1050.5	0	1000	-6.35194228424429E-20	988.863335768105
1056	0	1000	-7.55006891618101E-20	988.921483758358
1061.5	0	1000	-8.86640684718598E-20	988.979025952139
1067	0	1000	-1.02623783813756E-19	989.035981285042
1072.5	0	1000	-1.17838564103279E-19	989.092349418468
1078	0	1000	-1.34337626977251E-19	989.148139416579
1083.5	0	1000	-1.52147079326666E-19	989.203360148412
1089	0	1000	-1.71289917296694E-19	989.258020287885
1094.5	0	1000	-1.91786026286682E-19	989.31212831379
1100	0	1000	-2.13652180950147E-19	989.365692509796
1105.5	0	1000	-2.35812989192813E-19	989.418723044542
1111	0	1000	-2.5823146292283E-19	989.471227902255
1116.5	0	1000	-2.81157670983859E-19	989.523214317823
1122	0	1000	-3.04432934375329E-19	989.574690105771
1127.5	0	1000	-3.27883596261461E-19	989.625662908172
1133	0	1000	-3.51321021971263E-19	989.67614019464
1138.5	0	1000	-3.74541598998535E-19	989.726129262331
1144	0	1000	-3.97326737001863E-19	989.775637235947
1149.5	0	1000	-4.20885807803105E-19	989.82467091701
1155	0	1000	-4.44222274913142E-19	989.873237163437
1160.5	0	1000	-4.67190237690378E-19	989.921342570272
1166	0	1000	-4.89654935776123E-19	989.968993557374
1171.5	0	1000	-5.11476871611991E-19	990.016196371075
1177	0	1000	-5.32511810439893E-19	990.062957084182
1182.5	0	1000	-5.52610780302039E-19	990.109281595972
1188	0	1000	-5.72105478739592E-19	990.155176485283
1193.5	0	1000	-5.92102675660068E-19	990.200649527908
1199	0	1000	-6.11662152224627E-19	990.245704736939
1204.5	0	1000	-6.30801164468254E-19	990.290347642989
1210	0	1000	-6.49546116323209E-19	990.33458362755
1215.5	0	1000	-6.67932559619021E-19	990.378417922986
1221	0	1000	-6.86005194082491E-19	990.42185561254
1226.5	0	1000	-7.03817867337691E-19	990.464901630331
1232	0	1000	-7.21138021379908E-19	990.507563499685
1237.5	0	1000	-7.37932128278793E-19	990.549846835528
1243	0	1000	-7.54397360503097E-19	990.591755050956
1248.5	0	1000	-7.70571584984886E-19	990.633292970679
1254	0	1000	-7.86497961255423E-19	990.674465306002
1259.5	0	1000	-8.02224941445167E-19	990.715276654826
1265	0	1000	-8.17806270283774E-19	990.755731501647
1270.5	0	1000	-8.33300985100095E-19	990.79583421756
1276	0	1000	-8.47978658222615E-19	990.835592192547
1281.5	0	1000	-8.62205298518922E-19	990.875008402775
1287	0	1000	-8.76053790921521E-19	990.914086887126
1292.5	0	1000	-8.89514934941087E-19	990.952831915451
1298	0	1000	-9.02578407230539E-19	990.99124766948
1303.5	0	1000	-9.15232761585041E-19	991.029338242826
1309	0	1000	-9.27465428942E-19	991.067107640979
1314.5	0	1000	-9.39298500826169E-19	991.104560139591
1320	0	1000	-9.50892221432751E-19	991.141701320684
1325.5	0	1000	-9.62124455966764E-19	991.178533862095
1331	0	1000	-9.72996053753501E-19	991.215061596161
1336.5	0	1000	-9.83507565216499E-19	991.251288275343
1342	0	1000	-9.93659172879901E-19	991.287217571546
1347.5	0	1000	-1.00345062237079E-18	991.322853075422
1353	0	1000	-1.01288115342156E-18	991.358198295679
1358.5	0	1000	-1.02194943087223E-18	991.393256658395
1364	0	1000	-1.03065347567283E-18	991.428031506321
1369.5	0	1000	-1.03899059588574E-18	991.462526098194
1375	0	1000	-1.04695731768801E-18	991.496743608046
1380.5	0	1000	-1.05455045168733E-18	991.530687135167
1386	0	1000	-1.0622440963054E-18	991.564364181154
1391.5	0	1000	-1.06972196204007E-18	991.597774751632
1397	0	1000	-1.0770054795973E-18	991.630921944483
1402.5	0	1000	-1.08411730107475E-18	991.663808791468
1408	0	1000	-1.09108129510407E-18	991.696438258141
1413.5	0	1000	-1.09792254199317E-18	991.72881324376
1419	0	1000	-1.10466732886846E-18	991.760936581194
1424.5	0	1000	-1.11134314481715E-18	991.79281103684
1430	0	1000	-1.11797867602949E-18	991.82443931053
1435.5	0	1000	-1.12460380094103E-18	991.855824035446
1441	0	1000	-1.13124958537492E-18	991.886967778025
1446.5	0	1000	-1.13794827768415E-18	991.917873037877
1452	0	1000	-1.14509809719332E-18	991.948546199264
1457.5	0	1000	-1.15258987384748E-18	991.978988070513
1463	0	1000	-1.16041730962319E-18	992.009200494549
1468.5	0	1000	-1.16864557164877E-18	992.039186008646
1474	0	1000	-1.17734336936396E-18	992.068947108634
1479.5	0	1000	-1.18658303463603E-18	992.098486249722
1485	0	1000	-1.19644060187588E-18	992.127805847335
1490.5	0	1000	-1.2069958881541E-18	992.156908277943
1496	0	1000	-1.21833257331706E-18	992.185795879893
1501.5	0	1000	-1.23053828010301E-18	992.214470954243
1507	0	1000	-1.24370465425816E-18	992.24293576559
1512.5	0	1000	-1.25792744465274E-18	992.271192542904
1518	0	1000	-1.27239811687731E-18	992.299244433885
1523.5	0	1000	-1.28720045134542E-18	992.327093620172
1529	0	1000	-1.3027984234775E-18	992.354741855775
1534.5	0	1000	-1.31921341462252E-18	992.382191331594
1540	0	1000	-1.33646343957463E-18	992.40944421532
1545.5	0	1000	-1.35456293522837E-18	992.436502652574
1551	0	1000	-1.37352254923395E-18	992.463368768041
1556.5	0	1000	-1.39334892865243E-18	992.490044666612
1562	0	1000	-1.41404450861104E-18	992.516532434518
1567.5	0	1000	-1.43560730095839E-18	992.542834140471
1573	0	1000	-1.4580306829197E-18	992.568951836797
1578.5	0	1000	-1.48130318575207E-18	992.594887560578
1584	0	1000	-1.50526750814206E-18	992.620642506565
1589.5	0	1000	-1.5297922342701E-18	992.646218039825
1595	0	1000	-1.55497526368898E-18	992.671616894966
1600.5	0	1000	-1.58076337608431E-18	992.696840940299
1606	0	1000	-1.60709569258919E-18	992.72189202425
1611.5	0	1000	-1.6339033989692E-18	992.746771976104
1617	0	1000	-1.66110946880744E-18	992.771482606767
1622.5	0	1000	-1.68862838668952E-18	992.79602570951
1628	0	1000	-1.7163658713886E-18	992.820403060729
1633.5	0	1000	-1.74421859905038E-18	992.844616420691
1639	0	1000	-1.77207392637816E-18	992.86866753429
1644.5	0	1000	-1.7998096138178E-18	992.892558131798
1650	0	1000	-1.82764568229493E-18	992.916289415724
1655.5	0	1000	-1.85634373230431E-18	992.939861770284
1661	0	1000	-1.88502362061189E-18	992.963277948024
1666.5	0	1000	-1.91360855711152E-18	992.986539501868
1672	0	1000	-1.94201834552015E-18	993.009647962826
1677.5	0	1000	-1.97016939092458E-18	993.032604840333
1683	0	1000	-1.99797470732808E-18	993.055411622584
1688.5	0	1000	-2.02534392519707E-18	993.078069776876
1694	0	1000	-2.05218329900782E-18	993.10058074994
1699.5	0	1000	-2.0783957147931E-18	993.12294596828
1705	0	1000	-2.10388069768887E-18	993.145166838513
1710.5	0	1000	-2.12853441948095E-18	993.167244747703
1716	0	1000	-2.15238544625728E-18	993.189181051904
1721.5	0	1000	-2.1769630264339E-18	993.210976957587
1727	0	1000	-2.20102344946155E-18	993.232633893378
1732.5	0	1000	-2.22455673849711E-18	993.254153162192
1738	0	1000	-2.24755905959685E-18	993.27553604826
1743.5	0	1000	-2.27003308683504E-18	993.296783817433
1749	0	1000	-2.29198836742258E-18	993.317897717486
1754.5	0	1000	-2.31344168682571E-18	993.338878978427
1760	0	1000	-2.33441743388456E-18	993.359728812804
1765.5	0	1000	-2.35494796593187E-18	993.380448416009
1771	0	1000	-2.37507397391157E-18	993.401038966585
1776.5	0	1000	-2.39484484749749E-18	993.421501626532
1782	0	1000	-2.41431904021193E-18	993.441837541616
1787.5	0	1000	-2.43123779180566E-18	993.462048822747
1793	0	1000	-2.44706833159844E-18	993.482135998204
1798.5	0	1000	-2.46204327429647E-18	993.502100105831
1804	0	1000	-2.47618246876044E-18	993.521942262619
1809.5	0	1000	-2.48951537693899E-18	993.541663571389
1815	0	1000	-2.5020816538896E-18	993.561265121016
1820.5	0	1000	-2.5139317277994E-18	993.580747986635
1826	0	1000	-2.52512738000597E-18	993.600113229866
1831.5	0	1000	-2.53574232501822E-18	993.619361899022
1837	0	1000	-2.54586279053714E-18	993.63849502933
1842.5	0	1000	-2.55558809747673E-18	993.657513643145
1848	0	1000	-2.56503123998472E-18	993.676418750166
1853.5	0	1000	-2.57431946546348E-18	993.695211347648
1859	0	1000	-2.58359485459081E-18	993.713892420625
1864.5	0	1000	-2.59301490134078E-18	993.732462942119
1870	0	1000	-2.60275309300454E-18	993.75092387336
1875.5	0	1000	-2.61299949021116E-18	993.769276163999
1881	0	1000	-2.62396130694848E-18	993.787520752324
1886.5	0	1000	-2.63586349058388E-18	993.805658565479
1892	0	1000	-2.64894930188518E-18	993.823690519673
1897.5	0	1000	-2.66348089504141E-18	993.841617520404
1903	0	1000	-2.67973989768365E-18	993.859440462668
1908.5	0	1000	-2.69802799090589E-18	993.877160231178
1914	0	1000	-2.7046911804247E-18	993.894778309459
1919.5	0	1000	-2.70764666476158E-18	993.912295232354
1925	0	1000	-2.71004263558196E-18	993.929711733784
1930.5	0	1000	-2.71194728020686E-18	993.947028673402
1936	0	1000	-2.7134384161653E-18	993.964246902237
1941.5	0	1000	-2.7146039322732E-18	993.981367262915
1947	0	1000	-2.71554222971239E-18	993.998390589881
1952.5	0	1000	-2.7163626631095E-18	994.015317709619
1958	0	1000	-2.71718598161497E-18	994.032149440877
1963.5	0	1000	-2.71814476998196E-18	994.048886594885
1969	0	1000	-2.71938388964532E-18	994.065529975579
1974.5	0	1000	-2.72106091980054E-18	994.082080379823
1980	0	1000	-2.7233465984827E-18	994.09853859763
1985.5	0	1000	-2.72642526364541E-18	994.114905412384
1991	0	1000	-2.73049529423978E-18	994.13118160106
1996.5	0	1000	-2.73576955129336E-18	994.147367934449
2002	0	1000	-2.7424758189891E-18	994.163465177377
2007.5	0	1000	-2.75085724574429E-18	994.17947408893
2013	0	1000	-2.76117278528951E-18	994.19539542267
2018.5	0	1000	-2.7736976377476E-18	994.211229926864
2024	0	1000	-2.7887236907126E-18	994.226978344699
2029.5	0	1000	-2.80655996032869E-18	994.242641414509
2035	0	1000	-2.82753303236916E-18	994.258219869994
2040.5	0	1000	-2.83735287706506E-18	994.273712976187
2046	0	1000	-2.84174159465306E-18	994.289121994383
2051.5	0	1000	-2.84626250418459E-18	994.304448164128
2057	0	1000	-2.85096001185619E-18	994.319692167099
2062.5	0	1000	-2.85588168909179E-18	994.334854679789
2068	0	1000	-2.86107839024474E-18	994.34993637369
2073.5	0	1000	-2.8666043702999E-18	994.364937915488
2079	0	1000	-2.87251740257568E-18	994.379859967251
2084.5	0	1000	-2.87887889642611E-18	994.394703186616
2090	0	1000	-2.88575401494288E-18	994.409468226984
2095.5	0	1000	-2.89321179265739E-18	994.424155737702
2101	0	1000	-2.90132525324284E-18	994.438766364258
2106.5	0	1000	-2.91017152721627E-18	994.453300748469
2112	0	1000	-2.91983196964058E-18	994.467759528669
2117.5	0	1000	-2.93039227782665E-18	994.4821433399
2123	0	1000	-2.94194260903535E-18	994.496452814099
2128.5	0	1000	-2.95457769817964E-18	994.510688580293
2134	0	1000	-2.96839697552655E-18	994.524851264781
2139.5	0	1000	-2.98350468439934E-18	994.538941491328
2145	0	1000	-3.00000999887946E-18	994.552959881354
2150.5	0	1000	-3.01802714150867E-18	994.566907054122
2156	0	1000	-3.03767550099107E-18	994.580783626928
2161.5	0	1000	-3.05907974989516E-18	994.594590215291
2167	0	1000	-3.07696514493496E-18	994.608324925995
2172.5	0	1000	-3.09212963049325E-18	994.621988678818
2178	0	1000	-3.10771500446189E-18	994.635583476965
2183.5	0	1000	-3.12371616665044E-18	994.649109860189
2189	0	1000	-3.14012670685604E-18	994.662568364084
2194.5	0	1000	-3.156938875399E-18	994.675959520201
2200	0	1000	-3.17414355365855E-18	994.68928385617
2205.5	0	1000	-3.19173022460848E-18	994.702541895825
2211	0	1000	-3.2096869433528E-18	994.715734159321
2216.5	0	1000	-3.22800030766145E-18	994.728861163254
2222	0	1000	-3.24665542850595E-18	994.741923420789
2227.5	0	1000	-3.26563590059509E-18	994.754921441773
2233	0	1000	-3.28492377291059E-18	994.767855732862
2238.5	0	1000	-3.30449951924279E-18	994.780726797638
2244	0	1000	-3.32434200872631E-18	994.793535136734
2249.5	0	1000	-3.34442847637574E-18	994.806281247952
2255	0	1000	-3.36473449362131E-18	994.818965626385
2260.5	0	1000	-3.38523393884455E-18	994.83158876454
2266	0	1000	-3.40589896791399E-18	994.844151152456
2271.5	0	1000	-3.42669998472081E-18	994.856653277826
2277	0	1000	-3.44760561171456E-18	994.869095626122
2282.5	0	1000	-3.46858266043876E-18	994.881478680709
2288	0	1000	-3.48959610206664E-18	994.893802922973
2293.5	0	1000	-3.51109081118109E-18	994.906066921902
2299	0	1000	-3.53313130252854E-18	994.918270745581
2304.5	0	1000	-3.5552763183352E-18	994.930416458534
2310	0	1000	-3.57749934750498E-18	994.94250447129
2315.5	0	1000	-3.59977265702353E-18	994.954535189965
2321	0	1000	-3.62206727821564E-18	994.966509016321
2326.5	0	1000	-3.64435299300279E-18	994.978426347822
2332	0	1000	-3.66659832016058E-18	994.9902875777
2337.5	0	1000	-3.68877050157623E-18	995.002093095003
2343	0	1000	-3.71083548850606E-18	995.013843284666
2348.5	0	1000	-3.73275792783294E-18	995.025538527558
2354	0	1000	-3.75450114832382E-18	995.037179200551
2359.5	0	1000	-3.77602714688714E-18	995.048765676571
2365	0	1000	-3.79729657483036E-18	995.060298324661
2370.5	0	1000	-3.81826872411742E-18	995.07177751004
2376	0	1000	-3.83890151362621E-18	995.083203594158
2381.5	0	1000	-3.85915147540606E-18	995.094576934759
2387	0	1000	-3.87897374093522E-18	995.105897885937
2392.5	0	1000	-3.89832202737831E-18	995.117166798198
2398	0	1000	-3.91714862384385E-18	995.128384018513
2403.5	0	1000	-3.93540437764167E-18	995.139549890383
2409	0	1000	-3.95303868054044E-18	995.150664753896
2414.5	0	1000	-3.96999945502514E-18	995.161728945782
2420	0	1000	-3.98762993268346E-18	995.17274272669
2425.5	0	1000	-4.00686343171211E-18	995.183706375316
2431	0	1000	-4.02591757311602E-18	995.194620308609
2436.5	0	1000	-4.04479226647505E-18	995.205484847445
2442	0	1000	-4.06348863655915E-18	995.216300309497
2447.5	0	1000	-4.08200906622307E-18	995.227067009288
2453	0	1000	-4.10035723930094E-18	995.237785258248
2458.5	0	1000	-4.11853818350091E-18	995.248455364771
2464	0	1000	-4.13655831329977E-18	995.259077634269
2469.5	0	1000	-4.15442547283761E-18	995.269652369227
2475	0	1000	-4.1721489788124E-18	995.280179869263
2480.5	0	1000	-4.18973966337464E-18	995.290660431179
2486	0	1000	-4.207209917022E-18	995.301094349022
2491.5	0	1000	-4.22457373149391E-18	995.311481914132
2497	0	1000	-4.24184674266623E-18	995.321823415208
2502.5	0	1000	-4.25904627344584E-18	995.332119138355
2508	0	1000	-4.27619137666531E-18	995.342369367144
2513.5	0	1000	-4.29330287797747E-18	995.352574382667
2519	0	1000	-4.31040341875008E-18	995.362734463595
2524.5	0	1000	-4.32751749896046E-18	995.37284988623
2530	0	1000	-4.34467152009009E-18	995.382920924562
2535.5	0	1000	-4.36189382801923E-18	995.392947850327
2541	0	1000	-4.37921475592159E-18	995.40293093306
2546.5	0	1000	-4.39616992369083E-18	995.412870757191
2552	0	1000	-4.41204946155079E-18	995.422768063063
2557.5	0	1000	-4.42782560130781E-18	995.432622516768
2563	0	1000	-4.44351009006109E-18	995.44243439681
2568.5	0	1000	-4.45911559347641E-18	995.452203980592
2574	0	1000	-4.47465571223075E-18	995.461931544489
2579.5	0	1000	-4.49014499845689E-18	995.471617363918
2585	0	1000	-4.50559897218808E-18	995.481261713414
2590.5	0	1000	-4.52103413780264E-18	995.4908648667
2596	0	1000	-4.53646800046857E-18	995.500427096763
2601.5	0	1000	-4.55191908258821E-18	995.509948675923
2607	0	1000	-4.56740694024287E-18	995.519429875908
2612.5	0	1000	-4.58295217963743E-18	995.528870967925
2618	0	1000	-4.59857647354498E-18	995.538272222736
2623.5	0	1000	-4.61430257775145E-18	995.547633910726
2629	0	1000	-4.63015434750022E-18	995.556956301981
2634.5	0	1000	-4.64615675393679E-18	995.566239666355
2640	0	1000	-4.66233590055335E-18	995.575484273548
2645.5	0	1000	-4.67871903963346E-18	995.584690393175
2651	0	1000	-4.69533458869663E-18	995.59385829484
2656.5	0	1000	-4.71221214694299E-18	995.602988248211
2662	0	1000	-4.72938251169789E-18	995.612080523088
2667.5	0	1000	-4.74687769485653E-18	995.621135389478
2673	0	1000	-4.76431889057254E-18	995.630152791946
2678.5	0	1000	-4.78051563942587E-18	995.639132032809
2684	0	1000	-4.79677774366168E-18	995.648074390268
2689.5	0	1000	-4.81311006745075E-18	995.656980110457
2695	0	1000	-4.82951723686069E-18	995.665849438865
2700.5	0	1000	-4.84600362459922E-18	995.674682620388
2706	0	1000	-4.86257333475748E-18	995.683479899375
2711.5	0	1000	-4.87923018755325E-18	995.692241519674
2717	0	1000	-4.89597770407433E-18	995.700967724682
2722.5	0	1000	-4.91281909102175E-18	995.709658757392
2728	0	1000	-4.92975722545308E-18	995.718314860439
2733.5	0	1000	-4.94679463952577E-18	995.72693627615
2739	0	1000	-4.96393350524034E-18	995.735523246591
2744.5	0	1000	-4.98117561918375E-18	995.744076013612
2750	0	1000	-4.99852238727265E-18	995.7525948189
2755.5	0	1000	-5.01597480949668E-18	995.761079904021
2761	0	1000	-5.03353346466174E-18	995.769531510471
2766.5	0	1000	-5.05119849513331E-18	995.777949879725
2772	0	1000	-5.06896959157971E-18	995.786335253279
2777.5	0	1000	-5.08684597771538E-18	995.794687872703
2783	0	1000	-5.10482639504421E-18	995.803007979688
2788.5	0	1000	-5.12290908760277E-18	995.811295816089
2794	0	1000	-5.14109178670366E-18	995.81955162398
2799.5	0	1000	-5.15935190420552E-18	995.827775280003
2805	0	1000	-5.17755362228852E-18	995.835964578984
2810.5	0	1000	-5.19581458730144E-18	995.844122009732
2816	0	1000	-5.21412759337387E-18	995.852247765145
2821.5	0	1000	-5.23248471486203E-18	995.860342036159
2827	0	1000	-5.25087728838587E-18	995.868405011742
2832.5	0	1000	-5.26929589486612E-18	995.876436878898
2838	0	1000	-5.28773034156138E-18	995.884437822657
2843.5	0	1000	-5.30616964410519E-18	995.892408026081
2849	0	1000	-5.32460200854311E-18	995.900347670255
2854.5	0	1000	-5.34301481336978E-18	995.908256934287
2860	0	1000	-5.36139459156604E-18	995.916135995306
2865.5	0	1000	-5.37972701263593E-18	995.923985028461
2871	0	1000	-5.39799686464384E-18	995.931804206914
2876.5	0	1000	-5.41618803625156E-18	995.939593701843
2882	0	1000	-5.43428349875533E-18	995.947353682436
2887.5	0	1000	-5.45226528812294E-18	995.955084315891
2893	0	1000	-5.47011448703082E-18	995.962785767412
2898.5	0	1000	-5.48781120690107E-18	995.970458200207
2904	0	1000	-5.5053345699386E-18	995.978101775486
2909.5	0	1000	-5.52266269116813E-18	995.985716652459
2915	0	1000	-5.53977266047133E-18	995.993302988333
2920.5	0	1000	-5.55664052462386E-18	996.00086093831
2926	0	1000	-5.57327647139371E-18	996.008390642132
2931.5	0	1000	-5.59085925309214E-18	996.015891790602
2937	0	1000	-5.60835122149669E-18	996.023364918997
2942.5	0	1000	-5.62574457756931E-18	996.030810166638
2948	0	1000	-5.64303137279125E-18	996.038227670454
2953.5	0	1000	-5.66020351159334E-18	996.045617564972
2959	0	1000	-5.6772527537863E-18	996.052979982306
2964.5	0	1000	-5.69417071699111E-18	996.060315052144
2970	0	1000	-5.71094887906925E-18	996.067622901744
2975.5	0	1000	-5.72757858055305E-18	996.074903655919
2981	0	1000	-5.74405102707604E-18	996.082157437028
2986.5	0	1000	-5.7603572918032E-18	996.089384364968
2992	0	1000	-5.77648831786131E-18	996.096584557161
2997.5	0	1000	-5.79243492076929E-18	996.103758128545
3003	0	1000	-5.80818779086846E-18	996.110905191562
3008.5	0	1000	-5.82373749575289E-18	996.118025856154
3014	0	1000	-5.83907448269973E-18	996.125120229745
3019.5	0	1000	-5.85418908109947E-18	996.132188417235
3025	0	1000	-5.86907150488633E-18	996.13923052099
3030.5	0	1000	-5.8837118549685E-18	996.146246640831
3036	0	1000	-5.8981001216585E-18	996.153236874023
3041.5	0	1000	-5.91222618710352E-18	996.160201315267
3047	0	1000	-5.92607982771565E-18	996.167140056688
3052.5	0	1000	-5.93965071660228E-18	996.174053187825
3058	0	1000	-5.9538174525566E-18	996.18094310767
3063.5	0	1000	-5.96791036710396E-18	996.187808186361
3069	0	1000	-5.98187627886335E-18	996.194648394941
3074.5	0	1000	-5.99572062707046E-18	996.201463854518
3080	0	1000	-6.00944951634615E-18	996.208254685534
3085.5	0	1000	-6.02306973452644E-18	996.215021007791
3091	0	1000	-6.0365887704924E-18	996.221762940483
3096.5	0	1000	-6.05001483200015E-18	996.228480602223
3102	0	1000	-6.06335686351079E-18	996.235174111077
3107.5	0	1000	-6.07662456402035E-18	996.241843584591
3113	0	1000	-6.08982840488974E-18	996.248489139821
3118.5	0	1000	-6.10297964767471E-18	996.255110893366
3124	0	1000	-6.11609036195578E-18	996.261708961391
3129.5	0	1000	-6.1291734431682E-18	996.268283459666
3135	0	1000	-6.14224263043193E-18	996.274834503589
3140.5	0	1000	-6.15531252438152E-18	996.281362208219
3146	0	1000	-6.16839860499613E-18	996.287866688304
3151.5	0	1000	-6.18151724942944E-18	996.294348058314
3157	0	1000	-6.19468574983962E-18	996.300806432466
3162.5	0	1000	-6.20792233121926E-18	996.307241924759
3168	0	1000	-6.22124616922534E-18	996.313654649003
3173.5	0	1000	-6.23467740800917E-18	996.320044718843
3179	0	1000	-6.24823717804634E-18	996.326412247799
3184.5	0	1000	-6.26098065563832E-18	996.332758219337
3190	0	1000	-6.27351670915451E-18	996.339082219792
3195.5	0	1000	-6.28602338899399E-18	996.345384224034
3201	0	1000	-6.29850626650161E-18	996.351664363067
3206.5	0	1000	-6.31097106443137E-18	996.357922768747
3212	0	1000	-6.3234236559296E-18	996.364159573827
3217.5	0	1000	-6.33587006351802E-18	996.370374912003
3223	0	1000	-6.34831645807691E-18	996.376568917962
3228.5	0	1000	-6.36076915782817E-18	996.382741727432
3234	0	1000	-6.37323462731847E-18	996.388893477222
3239.5	0	1000	-6.38571947640239E-18	996.395024305275
3245	0	1000	-6.39823045922546E-18	996.401134350711
3250.5	0	1000	-6.41077447320738E-18	996.407223753878
3256	0	1000	-6.42335855802505E-18	996.413292656392
3261.5	0	1000	-6.43598989459572E-18	996.419341201193
3267	0	1000	-6.44867580406012E-18	996.425369532583
3272.5	0	1000	-6.46142374676556E-18	996.43137779628
3278	0	1000	-6.47424132124904E-18	996.437366139458
3283.5	0	1000	-6.48713626322041E-18	996.443334710801
3289	0	1000	-6.50011644454541E-18	996.449283660546
3294.5	0	1000	-6.51318987222887E-18	996.455213140527
3300	0	1000	-6.52636468739777E-18	996.46112330423
3305.5	0	1000	-6.53964916428437E-18	996.467014306831
3311	0	1000	-6.55263721180484E-18	996.472884371426
3316.5	0	1000	-6.56551750523931E-18	996.478734497148
3322	0	1000	-6.57842280954194E-18	996.484565423511
3327.5	0	1000	-6.59135234176628E-18	996.490377268243
3333	0	1000	-6.60430499611351E-18	996.496170148901
3338.5	0	1000	-6.61727933370154E-18	996.501944182866
3344	0	1000	-6.63027357233411E-18	996.507699487354
3349.5	0	1000	-6.64328557626992E-18	996.513436179418
3355	0	1000	-6.65631284599175E-18	996.51915437595
3360.5	0	1000	-6.66935250797553E-18	996.524854193687
3366	0	1000	-6.68240130445947E-18	996.530535749213
3371.5	0	1000	-6.69545558321319E-18	996.536199158964
3377	0	1000	-6.7085112873068E-18	996.541844539232
3382.5	0	1000	-6.72156394488002E-18	996.547472006171
3388	0	1000	-6.7346086589113E-18	996.553081675794
3393.5	0	1000	-6.7476400969869E-18	996.558673663985
3399	0	1000	-6.76065248107005E-18	996.564248086498
3404.5	0	1000	-6.77363957726999E-18	996.569805058962
3410	0	1000	-6.78659468561116E-18	996.575344696886
3415.5	0	1000	-6.79951062980225E-18	996.580867115659
3421	0	1000	-6.81237974700532E-18	996.586372430561
3426.5	0	1000	-6.82519387760493E-18	996.59186075676
3432	0	1000	-6.83794435497724E-18	996.597332209318
3437.5	0	1000	-6.85093923467389E-18	996.602785281794
3443	0	1000	-6.86410154320214E-18	996.608220432825
3448.5	0	1000	-6.87726817680217E-18	996.61363855842
3454	0	1000	-6.89043680779276E-18	996.619039729972
3459.5	0	1000	-6.90360494996368E-18	996.624424016745
3465	0	1000	-6.91676995652791E-18	996.629791485839
3470.5	0	1000	-6.92992901807384E-18	996.635142202145
3476	0	1000	-6.9430791605174E-18	996.640476228317
3481.5	0	1000	-6.95621724305426E-18	996.645793624724
3487	0	1000	-6.96933995611204E-18	996.651094449419
3492.5	0	1000	-6.98244381930242E-18	996.656378758098
3498	0	1000	-6.9955251793734E-18	996.661646604063
3503.5	0	1000	-7.00858020816143E-18	996.666898038183
3509	0	1000	-7.02160490054357E-18	996.672133108858
3514.5	0	1000	-7.03459507238973E-18	996.677351861978
3520	0	1000	-7.04754635851481E-18	996.682554340889
3525.5	0	1000	-7.06045421063087E-18	996.687740586352
3531	0	1000	-7.07331389529935E-18	996.692910636506
3536.5	0	1000	-7.0861204918832E-18	996.69806452683
3542	0	1000	-7.09886889049909E-18	996.703202290105
3547.5	0	1000	-7.1115537899696E-18	996.708323956378
3553	0	1000	-7.12416969577535E-18	996.713429552918
3558.5	0	1000	-7.13671091800724E-18	996.718519104187
3564	0	1000	-7.14937985331183E-18	996.723593532851
3569.5	0	1000	-7.16218901926747E-18	996.728652938117
3575	0	1000	-7.17498032610393E-18	996.733696679075
3580.5	0	1000	-7.18775385410314E-18	996.738724796989
3586	0	1000	-7.20050978882642E-18	996.74373733147
3591.5	0	1000	-7.21324842544555E-18	996.74873432046
3597	0	1000	-7.22597017307394E-18	996.753715800223
3602.5	0	1000	-7.23867555909765E-18	996.758681805337
3608	0	1000	-7.25136523350657E-18	996.763632368683
3613.5	0	1000	-7.2640399732255E-18	996.76856752143
3619	0	1000	-7.27670068644525E-18	996.773487293033
3624.5	0	1000	-7.28934841695375E-18	996.778391711215
3630	0	1000	-7.30198434846719E-18	996.783280801961
3635.5	0	1000	-7.31460980896108E-18	996.788154589505
3641	0	1000	-7.32722627500136E-18	996.793013096323
3646.5	0	1000	-7.33983537607554E-18	996.79785634312
3652	0	1000	-7.35243889892381E-18	996.802684348818
3657.5	0	1000	-7.3650387918701E-18	996.807497130552
3663	0	1000	-7.37763716915322E-18	996.812294703652
3668.5	0	1000	-7.39023631525798E-18	996.817077081639
3674	0	1000	-7.40283868924625E-18	996.821844276209
3679.5	0	1000	-7.41544692908813E-18	996.826596297228
3685	0	1000	-7.42806385599301E-18	996.831333152718
3690.5	0	1000	-7.4407302377545E-18	996.836056436117
3696	0	1000	-7.45346892202095E-18	996.840766977627
3701.5	0	1000	-7.46624244798355E-18	996.845463062151
3707	0	1000	-7.47905586700335E-18	996.850144751352
3712.5	0	1000	-7.49191450428974E-18	996.854812107899
3718	0	1000	-7.50482396464913E-18	996.859465195512
3723.5	0	1000	-7.51779013823356E-18	996.864104079015
3729	0	1000	-7.5308192062894E-18	996.868728824384
3734.5	0	1000	-7.54391764690594E-18	996.873339498795
3740	0	1000	-7.55709224076407E-18	996.877936170673
3745.5	0	1000	-7.57035007688493E-18	996.882518909746
3751	0	1000	-7.58369855837852E-18	996.887087787088
3756.5	0	1000	-7.59714540819242E-18	996.89164287517
3762	0	1000	-7.61069867486033E-18	996.896184247913
3767.5	0	1000	-7.62436673825082E-18	996.900711980731
3773	0	1000	-7.63815831531592E-18	996.905226150587
3778.5	0	1000	-7.65208246583978E-18	996.909726836036
3784	0	1000	-7.66614859818732E-18	996.914214117278
3789.5	0	1000	-7.68036647505285E-18	996.918688076208
3795	0	1000	-7.69474621920877E-18	996.92314879646
3800.5	0	1000	-7.70929831925419E-18	996.927596363463
3806	0	1000	-7.72403363536354E-18	996.932030864486
3811.5	0	1000	-7.73896340503528E-18	996.936452388686
3817	0	1000	-7.75387760356023E-18	996.940860913834
3822.5	0	1000	-7.76852498963423E-18	996.945256398413
3828	0	1000	-7.78327903361653E-18	996.949639122165
3833.5	0	1000	-7.79814161936612E-18	996.954009176719
3839	0	1000	-7.8131145175588E-18	996.958366655573
3844.5	0	1000	-7.82819938073987E-18	996.962711654142
3850	0	1000	-7.84339773837676E-18	996.967044269799
3855.5	0	1000	-7.85871099191174E-18	996.971364601917
3861	0	1000	-7.87414040981453E-18	996.975672751917
3866.5	0	1000	-7.88968712263504E-18	996.979968823309
3872	0	1000	-7.90535211805595E-18	996.984252921737
3877.5	0	1000	-7.92113623594546E-18	996.988525155022
3883	0	1000	-7.93704016340988E-18	996.992785633206
3888.5	0	1000	-7.95306442984637E-18	996.997034468596
3894	0	1000	-7.96920940199554E-18	997.001271775807
3899.5	0	1000	-7.98547527899416E-18	997.005497671807
3905	0	1000	-8.00186208742783E-18	997.009712275959
3910.5	0	1000	-8.01836967638359E-18	997.013915710066
3916	0	1000	-8.03499771250264E-18	997.018108098417
3921.5	0	1000	-8.05174567503302E-18	997.022289567826
3927	0	1000	-8.06861285088221E-18	997.026460247678
3932.5	0	1000	-8.08559832966985E-18	997.030620269974
3938	0	1000	-8.10270099878038E-18	997.034769769373
3943.5	0	1000	-8.11987631572412E-18	997.038907748886
3949	0	1000	-8.1370207586525E-18	997.04303167196
3954.5	0	1000	-8.15424450207176E-18	997.047144618854
3960	0	1000	-8.17154262806672E-18	997.05124665796
3965.5	0	1000	-8.18890985127035E-18	997.055337856862
3971	0	1000	-8.20634051101687E-18	997.059418282302
3976.5	0	1000	-8.22382856349495E-18	997.063488000146
3982	0	1000	-8.24136757390083E-18	997.067547075358
3987.5	0	1000	-8.25895070859148E-18	997.071595571958
3993	0	1000	-8.27657072723776E-18	997.075633553
3998.5	0	1000	-8.29421997497757E-18	997.079661080532
4004	0	1000	-8.31189037456902E-18	997.083678215566
4009.5	0	1000	-8.32957341854355E-18	997.087685018049
4015	0	1000	-8.3472601613591E-18	997.091681546823
4020.5	0	1000	-8.36494121155328E-18	997.095667859603
4026	0	1000	-8.3826067238965E-18	997.099644012934
4031.5	0	1000	-8.40024639154514E-18	997.103610062168
4037	0	1000	-8.41784943819468E-18	997.107566061424
4042.5	0	1000	-8.43540461023289E-18	997.11151206356
4048	0	1000	-8.45290016889295E-18	997.115448120142
4053.5	0	1000	-8.47032388240661E-18	997.119374281407
4059	0	1000	-8.48766301815737E-18	997.123290596234
4064.5	0	1000	-8.50490433483361E-18	997.127197112109
4070	0	1000	-8.52212659624236E-18	997.131093559488
4075.5	0	1000	-8.53977410408902E-18	997.134978418656
4081	0	1000	-8.55739556061691E-18	997.138853221665
4086.5	0	1000	-8.57498579683092E-18	997.14271797537
4092	0	1000	-8.59253958261001E-18	997.146572683411
4097.5	0	1000	-8.61005162892814E-18	997.150417346149
4103	0	1000	-8.62751659007516E-18	997.154251960598
4108.5	0	1000	-8.64492906587773E-18	997.158076520358
4114	0	1000	-8.6622836039202E-18	997.161891015551
4119.5	0	1000	-8.67957470176555E-18	997.165695432748
4125	0	1000	-8.69679680917627E-18	997.16948975491
4130.5	0	1000	-8.71394433033527E-18	997.173273961317
4136	0	1000	-8.73101162606681E-18	997.177048027501
4141.5	0	1000	-8.74799301605737E-18	997.180811925182
4147	0	1000	-8.76488278107659E-18	997.184565622199
4152.5	0	1000	-8.78167516519814E-18	997.188309082445
4158	0	1000	-8.79836437802068E-18	997.192042265798
4163.5	0	1000	-8.81494459688869E-18	997.195765128056
4169	0	1000	-8.83140996911346E-18	997.199477620872
4174.5	0	1000	-8.84775461419393E-18	997.203179691683
4180	0	1000	-8.86397262603762E-18	997.206871283647
4185.5	0	1000	-8.88005807518156E-18	997.210552335576
4191	0	1000	-8.89600501101316E-18	997.214222781866
4196.5	0	1000	-8.9118330007113E-18	997.217882820742
4202	0	1000	-8.92793470773195E-18	997.221536566074
4207.5	0	1000	-8.94396069037711E-18	997.225180330183
4213	0	1000	-8.95991213837893E-18	997.22881410482
4218.5	0	1000	-8.97579057655745E-18	997.232437880619
4224	0	1000	-8.99159787419356E-18	997.236051647099
4229.5	0	1000	-9.00733625440209E-18	997.239655392679
4235	0	1000	-9.02300830350485E-18	997.243249104679
4240.5	0	1000	-9.03861698040364E-18	997.246832769333
4246	0	1000	-9.05416562595331E-18	997.250406371798
4251.5	0	1000	-9.06965797233477E-18	997.253969896159
4257	0	1000	-9.08509815242807E-18	997.257523325443
4262.5	0	1000	-9.1004907091854E-18	997.261066641621
4268	0	1000	-9.11584060500416E-18	997.264599825619
4273.5	0	1000	-9.13115323109996E-18	997.26812285733
4279	0	1000	-9.1464344168797E-18	997.271635715618
4284.5	0	1000	-9.16169043931455E-18	997.275138378327
4290	0	1000	-9.17692803231306E-18	997.278630822291
4295.5	0	1000	-9.19215439609414E-18	997.282113023343
4301	0	1000	-9.20737720656013E-18	997.285584956321
4306.5	0	1000	-9.22260462466982E-18	997.289046595078
4312	0	1000	-9.23784530581149E-18	997.292497912492
4317.5	0	1000	-9.25310840917597E-18	997.29593888047
4323	0	1000	-9.26840360712963E-18	997.299369469961
4328.5	0	1000	-9.28342101174794E-18	997.30279607269
4334	0	1000	-9.2984211646457E-18	997.306213645752
4339.5	0	1000	-9.3134204099606E-18	997.309622055428
4345	0	1000	-9.32842495112258E-18	997.313021381572
4350.5	0	1000	-9.34344128885492E-18	997.316411708393
4356	0	1000	-9.35847622520244E-18	997.319793124567
4361.5	0	1000	-9.37353686755975E-18	997.323165723358
4367	0	1000	-9.3886306326994E-18	997.326529602729
4372.5	0	1000	-9.40376525080016E-18	997.329884865463
4378	0	1000	-9.41894876947513E-18	997.333231619273
4383.5	0	1000	-9.43418955780004E-18	997.33656997692
4389	0	1000	-9.44949631034141E-18	997.339900056331
4394.5	0	1000	-9.46487805118476E-18	997.343221980711
4400	0	1000	-9.48034413796282E-18	997.346535878661
4405.5	0	1000	-9.49590426588376E-18	997.349841884294
4411	0	1000	-9.51156847175937E-18	997.353140137347
4416.5	0	1000	-9.52734713803325E-18	997.356430783302
4422	0	1000	-9.54325099680909E-18	997.359713973498
4427.5	0	1000	-9.55929113387879E-18	997.36298986525
4433	0	1000	-9.57547899275073E-18	997.366258621959
4438.5	0	1000	-9.59182637867794E-18	997.369520413234
4444	0	1000	-9.60834546268634E-18	997.372775415005
4449.5	0	1000	-9.62504878560292E-18	997.376023809637
4455	0	1000	-9.6412840517165E-18	997.37925788727
4460.5	0	1000	-9.65749968518495E-18	997.38248301029
4466	0	1000	-9.67378880942535E-18	997.385700324454
4471.5	0	1000	-9.69015246242721E-18	997.388909884402
4477	0	1000	-9.70659146126173E-18	997.392111744538
4482.5	0	1000	-9.72310639365943E-18	997.395305958995
4488	0	1000	-9.73969760958758E-18	997.398492581604
4493.5	0	1000	-9.75636521282776E-18	997.40167166586
4499	0	1000	-9.77310905255338E-18	997.404843264893
4504.5	0	1000	-9.78992871490719E-18	997.408007431432
4510	0	1000	-9.80682351457879E-18	997.411164217777
4515.5	0	1000	-9.82379248638219E-18	997.414313675764
4521	0	1000	-9.84083437683327E-18	997.417455856733
4526.5	0	1000	-9.85794763572736E-18	997.420590811499
4532	0	1000	-9.87513040771673E-18	997.423718590315
4537.5	0	1000	-9.89238052388808E-18	997.426839242844
4543	0	1000	-9.90969549334014E-18	997.429952818123
4548.5	0	1000	-9.92707249476111E-18	997.433059364534
4554	0	1000	-9.94450836800622E-18	997.436158929774
4559.5	0	1000	-9.96199960567524E-18	997.439251560814
4565	0	1000	-9.97954234469E-18	997.442337303877
4570.5	0	1000	-9.99713235787193E-18	997.445416204401
4576	0	1000	-1.00147650455195E-17	997.448488307005
4581.5	0	1000	-1.0032517793663E-17	997.45155241656
4587	0	1000	-1.00503443648171E-17	997.454609190657
4592.5	0	1000	-1.0068218488296E-17	997.457658979664
4598	0	1000	-1.00861358119768E-17	997.460701797208
4603.5	0	1000	-1.01040916547804E-17	997.463737654653
4609	0	1000	-1.01220809999982E-17	997.466766561038
4614.5	0	1000	-1.01400984886198E-17	997.469788523018
4620	0	1000	-1.01581384126601E-17	997.472803544806
4625.5	0	1000	-1.01761947084869E-17	997.475811628117
4631	0	1000	-1.01942609501477E-17	997.478812772107
4636.5	0	1000	-1.02123303426974E-17	997.481806973315
4642	0	1000	-1.02303957155255E-17	997.484794225605
4647.5	0	1000	-1.02484495156832E-17	997.487774520106
4653	0	1000	-1.0266483801211E-17	997.490747845158
4658.5	0	1000	-1.02844902344658E-17	997.493714186246
4664	0	1000	-1.03024600754482E-17	997.49667352595
4669.5	0	1000	-1.03203841751299E-17	997.49962584388
4675	0	1000	-1.0338252968781E-17	997.502571116621
4680.5	0	1000	-1.0356056469297E-17	997.505509317673
4686	0	1000	-1.03737842605265E-17	997.508440417395
4691.5	0	1000	-1.03914254905983E-17	997.511364382942
4697	0	1000	-1.04089688652487E-17	997.514281178211
4702.5	0	1000	-1.04264026411488E-17	997.517190763779
4708	0	1000	-1.04441548552641E-17	997.520095392983
4713.5	0	1000	-1.04620838615076E-17	997.522994346845
4719	0	1000	-1.04799936275861E-17	997.525886621679
4724.5	0	1000	-1.04978817257244E-17	997.528772222511
4730	0	1000	-1.05157457727483E-17	997.531651153501
4735.5	0	1000	-1.0533583434196E-17	997.53452341795
4741	0	1000	-1.05513924284301E-17	997.53738901829
4746.5	0	1000	-1.05691705307495E-17	997.540247956086
4752	0	1000	-1.05869155775014E-17	997.543100232031
4757.5	0	1000	-1.0604625470193E-17	997.545945845947
4763	0	1000	-1.06222981796035E-17	997.54878479678
4768.5	0	1000	-1.06399317498956E-17	997.551617082598
4774	0	1000	-1.06575243027281E-17	997.554442700592
4779.5	0	1000	-1.06750740413669E-17	997.55726164707
4785	0	1000	-1.06925792547977E-17	997.560073917456
4790.5	0	1000	-1.07100383218373E-17	997.562879506289
4796	0	1000	-1.07274497152456E-17	997.565678407218
4801.5	0	1000	-1.07448120058376E-17	997.568470613004
4807	0	1000	-1.07621238665952E-17	997.571256115515
4812.5	0	1000	-1.07793840767792E-17	997.574034905721
4818	0	1000	-1.07965915260407E-17	997.5768069737
4823.5	0	1000	-1.08137452185337E-17	997.579572308627
4829	0	1000	-1.08308442770263E-17	997.582330898777
4834.5	0	1000	-1.08479142662612E-17	997.585083923967
4840	0	1000	-1.08649539820449E-17	997.587831344542
4845.5	0	1000	-1.08819461450462E-17	997.590572385689
4851	0	1000	-1.08988911768986E-17	997.593307067545
4856.5	0	1000	-1.09157896754325E-17	997.596035411009
4862	0	1000	-1.09326424195462E-17	997.59875743778
4867.5	0	1000	-1.09494503740773E-17	997.601473170384
4873	0	1000	-1.09662146946728E-17	997.604182632211
4878.5	0	1000	-1.09829367326612E-17	997.606885847542
4884	0	1000	-1.09996180399226E-17	997.609582841585
4889.5	0	1000	-1.101626037376E-17	997.612273640508
4895	0	1000	-1.10328657017703E-17	997.614958271466
4900.5	0	1000	-1.10494362067153E-17	997.617636762638
4906	0	1000	-1.10659742913926E-17	997.620309143258
4911.5	0	1000	-1.10824825835066E-17	997.622975443647
4917	0	1000	-1.10989639405395E-17	997.625635695244
4922.5	0	1000	-1.11154214546222E-17	997.62828993064
4928	0	1000	-1.11318584574055E-17	997.630938183608
4933.5	0	1000	-1.11482785249309E-17	997.63358048914
4939	0	1000	-1.11646854825014E-17	997.636216883471
4944.5	0	1000	-1.1181083409553E-17	997.638847404119
4950	0	1000	-1.11974766445252E-17	997.641472089914
4955.5	0	1000	-1.12138697897322E-17	997.64409098103
4961	0	1000	-1.12301874900746E-17	997.64670363044
4966.5	0	1000	-1.12464061672509E-17	997.64930990618
4972	0	1000	-1.12626073828542E-17	997.651910316333
4977.5	0	1000	-1.12787939643453E-17	997.654504889238
4983	0	1000	-1.12949688909847E-17	997.657093653909
4988.5	0	1000	-1.13111352959007E-17	997.659676640051
4994	0	1000	-1.13272964681574E-17	997.66225387807
4999.5	0	1000	-1.13434558548225E-17	997.664825399094
5005	0	1000	-1.13596170630362E-17	997.667391234987
5010.5	0	1000	-1.13757838620786E-17	997.669951418361
5016	0	1000	-1.13919601854381E-17	997.672505982593
5021.5	0	1000	-1.14081501328796E-17	997.675054961843
5027	0	1000	-1.14243579725125E-17	997.677598391062
5032.5	0	1000	-1.14405881428586E-17	997.680136306015
5038	0	1000	-1.14568452549209E-17	997.68266874329
5043.5	0	1000	-1.14731340942508E-17	997.68519574032
5049	0	1000	-1.14894596230171E-17	997.687717335387
5054.5	0	1000	-1.15058269820734E-17	997.690233567651
5060	0	1000	-1.15222414930268E-17	997.692744477153
5065.5	0	1000	-1.15387086603054E-17	997.695250104837
5071	0	1000	-1.15552341732271E-17	997.697750492564
5076.5	0	1000	-1.15718239080673E-17	997.700245683124
5082	0	1000	-1.15884839301269E-17	997.702735720257
5087.5	0	1000	-1.16050795970773E-17	997.705220068473
5093	0	1000	-1.16214864754835E-17	997.7076982345
5098.5	0	1000	-1.16379108539566E-17	997.710171087097
5104	0	1000	-1.16543532207783E-17	997.712638647774
5109.5	0	1000	-1.16708139617393E-17	997.715100937823
5115	0	1000	-1.16872933559929E-17	997.717557978303
5120.5	0	1000	-1.17037915719101E-17	997.720009790031
5126	0	1000	-1.17203086629333E-17	997.722456393574
5131.5	0	1000	-1.17368445634307E-17	997.724897809233
5137	0	1000	-1.17533990845509E-17	997.727334057038
5142.5	0	1000	-1.1769971910077E-17	997.729765156735
5148	0	1000	-1.17865625922809E-17	997.732191127775
5153.5	0	1000	-1.18031705477774E-17	997.734611989305
5159	0	1000	-1.18197950533791E-17	997.737027760156
5164.5	0	1000	-1.18364352419499E-17	997.739438458834
5170	0	1000	-1.18530900982601E-17	997.741844103511
5175.5	0	1000	-1.18697584548401E-17	997.744244712008
5181	0	1000	-1.18864389878348E-17	997.746640301793
5186.5	0	1000	-1.19031302128584E-17	997.749030889965
5192	0	1000	-1.19198304808479E-17	997.751416493244
5197.5	0	1000	-1.19365379739182E-17	997.753797127963
5203	0	1000	-1.19532507012158E-17	997.756172810057
5208.5	0	1000	-1.19699664947733E-17	997.758543555049
5214	0	1000	-1.19867041368757E-17	997.760909356798
5219.5	0	1000	-1.20035008883647E-17	997.763270189965
5225	0	1000	-1.20203075562066E-17	997.765626115505
5230.5	0	1000	-1.20371225008017E-17	997.767977145917
5236	0	1000	-1.20539439455921E-17	997.770323293174
5241.5	0	1000	-1.20707699741726E-17	997.772664568716
5247	0	1000	-1.20875985274001E-17	997.775000983436
5252.5	0	1000	-1.21044274005043E-17	997.777332547669
5258	0	1000	-1.21212542401973E-17	997.779659271179
5263.5	0	1000	-1.21380765417843E-17	997.781981163151
5269	0	1000	-1.21548916462733E-17	997.784298232175
5274.5	0	1000	-1.21716967374855E-17	997.786610486236
5280	0	1000	-1.21884888391651E-17	997.788917932702
5285.5	0	1000	-1.22052648120897E-17	997.791220578314
5291	0	1000	-1.22220213511804E-17	997.793518429171
5296.5	0	1000	-1.22387549826119E-17	997.79581149072
5302	0	1000	-1.22554620609226E-17	997.798099767746
5307.5	0	1000	-1.22721387661245E-17	997.800383264358
5313	0	1000	-1.2288781100814E-17	997.802661983976
5318.5	0	1000	-1.23053848872812E-17	997.804935929323
5324	0	1000	-1.23219457646206E-17	997.80720510241
5329.5	0	1000	-1.23384591858411E-17	997.809469504528
5335	0	1000	-1.23549204149758E-17	997.811729136232
5340.5	0	1000	-1.23714161599393E-17	997.813984299514
5346	0	1000	-1.23882810743838E-17	997.816236113891
5351.5	0	1000	-1.2405155747384E-17	997.818483409977
5357	0	1000	-1.24220393589853E-17	997.820726200775
5362.5	0	1000	-1.24389309631E-17	997.82296449875
5368	0	1000	-1.24558294820771E-17	997.82519831581
5373.5	0	1000	-1.24727337012717E-17	997.827427663283
5379	0	1000	-1.24896422636152E-17	997.829652551902
5384.5	0	1000	-1.25065536641846E-17	997.831872991777
5390	0	1000	-1.25234662447727E-17	997.834088992385
5395.5	0	1000	-1.25403781884577E-17	997.83630056254
5401	0	1000	-1.25572875141729E-17	997.83850771038
5406.5	0	1000	-1.25741920712764E-17	997.840710443342
5412	0	1000	-1.25910895341212E-17	997.842908768147
5417.5	0	1000	-1.26079773966247E-17	997.845102690774
5423	0	1000	-1.26248529668383E-17	997.847292216446
5428.5	0	1000	-1.26417133615177E-17	997.849477349603
5434	0	1000	-1.26585555006921E-17	997.851658093889
5439.5	0	1000	-1.26753761022343E-17	997.853834452128
5445	0	1000	-1.26921716764305E-17	997.856006426302
5450.5	0	1000	-1.27089385205497E-17	997.858174017537
5456	0	1000	-1.27256727134138E-17	997.860337226076
5461.5	0	1000	-1.27423701099674E-17	997.862496051264
5467	0	1000	-1.27590263358473E-17	997.864650491526
5472.5	0	1000	-1.27756367819524E-17	997.866800544347
5478	0	1000	-1.27921965990136E-17	997.86894620625
5483.5	0	1000	-1.28087006921634E-17	997.871087472779
5489	0	1000	-1.28251437155055E-17	997.873224338478
5494.5	0	1000	-1.2841520066685E-17	997.875356796871
5500	0	1000	-1.28578238814579E-17	997.877484840439
5505.5	0	1000	-1.28740490282608E-17	997.879608460604
5511	0	1000	-1.28901891027809E-17	997.881727647707
5516.5	0	1000	-1.29062374225254E-17	997.883842390988
5522	0	1000	-1.29221870213918E-17	997.885952678565
5527.5	0	1000	-1.29380306442371E-17	997.888058497416
5533	0	1000	-1.2953760741448E-17	997.890159833358
5538.5	0	1000	-1.29693694635105E-17	997.892256671024
5544	0	1000	-1.29848486555794E-17	997.89434899385
5549.5	0	1000	-1.3000414672466E-17	997.896437624707
5555	0	1000	-1.30168529478519E-17	997.898525514341
5560.5	0	1000	-1.30332758564731E-17	997.900609357442
5566	0	1000	-1.30496817636691E-17	997.902689161586
5571.5	0	1000	-1.30660689140579E-17	997.90476493384
5577	0	1000	-1.30824354279197E-17	997.906836680747
5582.5	0	1000	-1.30987792975807E-17	997.908904408312
5588	0	1000	-1.31150983837971E-17	997.910968121992
5593.5	0	1000	-1.31313904121384E-17	997.913027826678
5599	0	1000	-1.31476529693716E-17	997.915083526687
5604.5	0	1000	-1.31638834998448E-17	997.917135225743
5610	0	1000	-1.31800793018708E-17	997.919182926968
5615.5	0	1000	-1.31962375241112E-17	997.921226632866
5621	0	1000	-1.32123551619598E-17	997.923266345313
5626.5	0	1000	-1.32284290539268E-17	997.925302065539
5632	0	1000	-1.3244455878022E-17	997.927333794119
5637.5	0	1000	-1.32604321481392E-17	997.929361530957
5643	0	1000	-1.32763542104394E-17	997.931385275273
5648.5	0	1000	-1.32922182397348E-17	997.933405025591
5654	0	1000	-1.33080202358728E-17	997.935420779726
5659.5	0	1000	-1.33237560201193E-17	997.937432534766
5665	0	1000	-1.33394212315427E-17	997.939440287067
5670.5	0	1000	-1.33550113233979E-17	997.941444032229
5676	0	1000	-1.33705215595095E-17	997.943443765095
5681.5	0	1000	-1.33859470106561E-17	997.945439479726
5687	0	1000	-1.34012825509539E-17	997.947431169396
5692.5	0	1000	-1.34165228542401E-17	997.949418826574
5698	0	1000	-1.34316623904573E-17	997.951402442912
5703.5	0	1000	-1.34466954220369E-17	997.953382009235
5709	0	1000	-1.34616160002827E-17	997.95535751552
5714.5	0	1000	-1.34764179617552E-17	997.95732895089
5720	0	1000	-1.34910949246546E-17	997.959296303599
5725.5	0	1000	-1.35056402852054E-17	997.961259561014
5731	0	1000	-1.35200472140396E-17	997.963218709608
5736.5	0	1000	-1.35343086525806E-17	997.965173734944
5742	0	1000	-1.35484173094271E-17	997.96712462166
5747.5	0	1000	-1.35623656567366E-17	997.969071353458
5753	0	1000	-1.35761459266094E-17	997.971013913092
5758.5	0	1000	-1.35900012491461E-17	997.972953133157
5764	0	1000	-1.36047935938086E-17	997.974891942597
5769.5	0	1000	-1.36195427315384E-17	997.976827029276
5775	0	1000	-1.36342480641478E-17	997.978758399678
5780.5	0	1000	-1.36489089735911E-17	997.980686060077
5786	0	1000	-1.36635248212839E-17	997.982610016535
5791.5	0	1000	-1.36780949474218E-17	997.984530274897
5797	0	1000	-1.36926186702988E-17	997.986446840789
5802.5	0	1000	-1.37070952856265E-17	997.988359719612
5808	0	1000	-1.37215240658526E-17	997.990268916544
5813.5	0	1000	-1.37359042594797E-17	997.992174436532
5819	0	1000	-1.37502350903843E-17	997.994076284288
5824.5	0	1000	-1.37645157571355E-17	997.99597446429
5830	0	1000	-1.37787454323133E-17	997.997868980775
5835.5	0	1000	-1.37929232618284E-17	997.999759837736
5841	0	1000	-1.38070483642397E-17	998.001647038922
5846.5	0	1000	-1.38211198300742E-17	998.003530587829
5852	0	1000	-1.38351367211451E-17	998.005410487702
5857.5	0	1000	-1.38490980698709E-17	998.007286741526
5863	0	1000	-1.38630028785939E-17	998.009159352029
5868.5	0	1000	-1.38768501188992E-17	998.011028321675
5874	0	1000	-1.38906387309335E-17	998.012893652659
5879.5	0	1000	-1.39043676227237E-17	998.014755346908
5885	0	1000	-1.39180356694958E-17	998.016613406073
5890.5	0	1000	-1.39316417129936E-17	998.018467831531
5896	0	1000	-1.39451845607976E-17	998.020318624375
5901.5	0	1000	-1.39586629856435E-17	998.022165785417
5907	0	1000	-1.39720757247413E-17	998.02400931518
5912.5	0	1000	-1.39854214790941E-17	998.025849213897
5918	0	1000	-1.39986989128164E-17	998.027685481506
5923.5	0	1000	-1.40119066524535E-17	998.029518117651
5929	0	1000	-1.40250432862997E-17	998.03134712167
5934.5	0	1000	-1.40381073637175E-17	998.033172492602
5940	0	1000	-1.40510973944562E-17	998.034994229174
5945.5	0	1000	-1.40640118479707E-17	998.036812329806
5951	0	1000	-1.40768491527403E-17	998.0386267926
5956.5	0	1000	-1.40896076955874E-17	998.040437615342
5962	0	1000	-1.41022858209964E-17	998.042244795499
5967.5	0	1000	-1.41149473573455E-17	998.044048763274
5973	0	1000	-1.41278140157858E-17	998.045850992274
5978.5	0	1000	-1.41406335174857E-17	998.047649823488
5984	0	1000	-1.41534061262936E-17	998.049445266912
5989.5	0	1000	-1.41661321219766E-17	998.051237332612
5995	0	1000	-1.41788118003279E-17	998.053026030726
6000.5	0	1000	-1.41914454732745E-17	998.054811371462
6006	0	1000	-1.42040334689844E-17	998.056593365106
6011.5	0	1000	-1.42165761319739E-17	998.058372022019
6017	0	1000	-1.4229073823215E-17	998.060147352644
6022.5	0	1000	-1.42415269202428E-17	998.0619193675
6028	0	1000	-1.42539358172631E-17	998.06368807719
6033.5	0	1000	-1.42663009252594E-17	998.065453492404
6039	0	1000	-1.42786226721002E-17	998.067215623913
6044.5	0	1000	-1.42909015026471E-17	998.06897448258
6050	0	1000	-1.43031378788614E-17	998.070730079355
6055.5	0	1000	-1.43153322799117E-17	998.07248242528
6061	0	1000	-1.43274852022814E-17	998.074231531493
6066.5	0	1000	-1.4339597159876E-17	998.075977409222
6072	0	1000	-1.43516686841307E-17	998.077720069796
6077.5	0	1000	-1.43637003241172E-17	998.079459524641
6083	0	1000	-1.43756926466516E-17	998.081195785285
6088.5	0	1000	-1.43876462364016E-17	998.082928863357
6094	0	1000	-1.43995616959938E-17	998.084658770591
6099.5	0	1000	-1.44114396461214E-17	998.086385518827
6105	0	1000	-1.44232807256509E-17	998.088109120012
6110.5	0	1000	-1.44350855917304E-17	998.089829586204
6116	0	1000	-1.4446854919896E-17	998.091546929572
6121.5	0	1000	-1.445858940418E-17	998.093261162399
6127	0	1000	-1.44702897572177E-17	998.094972297082
6132.5	0	1000	-1.44819567103552E-17	998.096680346137
6138	0	1000	-1.44935910137563E-17	998.098385322195
6143.5	0	1000	-1.45051934365104E-17	998.100087238013
6149	0	1000	-1.45167647667395E-17	998.101786106467
6154.5	0	1000	-1.45283058117057E-17	998.103481940558
6160	0	1000	-1.45398173979186E-17	998.105174753413
6165.5	0	1000	-1.45513003712426E-17	998.106864558289
6171	0	1000	-1.45627555970044E-17	998.10855136857
6176.5	0	1000	-1.45741852500894E-17	998.110235092581
6182	0	1000	-1.45855945664026E-17	998.111915390776
6187.5	0	1000	-1.45969795992505E-17	998.113592674149
6193	0	1000	-1.46083413337297E-17	998.115266953292
6198.5	0	1000	-1.46196807761379E-17	998.116938238839
6204	0	1000	-1.46309989540965E-17	998.118606541463
6209.5	0	1000	-1.46422969166735E-17	998.120271871881
6215	0	1000	-1.4653575734506E-17	998.121934240853
6220.5	0	1000	-1.46648364999232E-17	998.123593659182
6226	0	1000	-1.46760803270691E-17	998.125250137714
6231.5	0	1000	-1.46873083520252E-17	998.12690368734
6237	0	1000	-1.46985217329331E-17	998.128554318995
6242.5	0	1000	-1.47097216501176E-17	998.130202043662
6248	0	1000	-1.47209093062089E-17	998.131846872368
6253.5	0	1000	-1.47320859262661E-17	998.133488816188
6259	0	1000	-1.47432527578992E-17	998.135127886243
6264.5	0	1000	-1.47544110713923E-17	998.136764093703
6270	0	1000	-1.47655621598263E-17	998.138397449785
6275.5	0	1000	-1.47767073392013E-17	998.140027965758
6281	0	1000	-1.47878479485598E-17	998.141655652936
6286.5	0	1000	-1.47989853501092E-17	998.143280522688
6292	0	1000	-1.48101209293446E-17	998.144902586431
6297.5	0	1000	-1.48212560951716E-17	998.146521855633
6303	0	1000	-1.48323922800288E-17	998.148138341815
6308.5	0	1000	-1.4843530940011E-17	998.149752056551
6314	0	1000	-1.48546735549914E-17	998.151363011467
6319.5	0	1000	-1.48658216287449E-17	998.152971218242
6325	0	1000	-1.48769766890703E-17	998.15457668861
6330.5	0	1000	-1.48881402879134E-17	998.156179434362
6336	0	1000	-1.48993140014897E-17	998.157779467339
6341.5	0	1000	-1.49104994304072E-17	998.159376799444
6347	0	1000	-1.49216981997887E-17	998.160971442631
6352.5	0	1000	-1.49329119593954E-17	998.162563408916
6358	0	1000	-1.49441423837487E-17	998.164152710369
6363.5	0	1000	-1.49553911722535E-17	998.165739359119
6369	0	1000	-1.4966660049321E-17	998.167323367355
6374.5	0	1000	-1.4977950764491E-17	998.168904747324
6380	0	1000	-1.49892650925552E-17	998.170483511334
6385.5	0	1000	-1.50005633293922E-17	998.172059507742
6391	0	1000	-1.50117100785443E-17	998.173632206716
6396.5	0	1000	-1.50228620125788E-17	998.175202232555
6402	0	1000	-1.50340197071029E-17	998.176769592666
6407.5	0	1000	-1.50451837252962E-17	998.178334294374
6413	0	1000	-1.50563546175433E-17	998.179896344908
6418.5	0	1000	-1.50675329210674E-17	998.181455751411
6424	0	1000	-1.5078719159563E-17	998.183012520929
6429.5	0	1000	-1.5089913842829E-17	998.184566660418
6435	0	1000	-1.51011174664018E-17	998.186118176735
6440.5	0	1000	-1.51123305111883E-17	998.187667076643
6446	0	1000	-1.5123553443099E-17	998.189213366806
6451.5	0	1000	-1.51347867126809E-17	998.190757053789
6457	0	1000	-1.51460307547508E-17	998.192298144055
6462.5	0	1000	-1.51572859880282E-17	998.193836643966
6468	0	1000	-1.51685528147682E-17	998.195372559781
6473.5	0	1000	-1.51798316203947E-17	998.196905897653
6479	0	1000	-1.51911227731337E-17	998.198436663629
6484.5	0	1000	-1.52024266236459E-17	998.199964863649
6490	0	1000	-1.52137435046597E-17	998.201490503544
6495.5	0	1000	-1.5225073730605E-17	998.203013589034
6501	0	1000	-1.52364175972453E-17	998.204534125727
6506.5	0	1000	-1.52477753813113E-17	998.206052119121
6512	0	1000	-1.52591473401339E-17	998.207567574597
6517.5	0	1000	-1.5270533711277E-17	998.209080497419
6523	0	1000	-1.52819347121708E-17	998.210590892737
6528.5	0	1000	-1.52933505397447E-17	998.212098765582
6534	0	1000	-1.53047813700606E-17	998.213604120862
6539.5	0	1000	-1.53162273579454E-17	998.215106963369
6545	0	1000	-1.53276886366246E-17	998.216607297768
6550.5	0	1000	-1.53391653173551E-17	998.218105128602
6556	0	1000	-1.53506574890584E-17	998.219600460289
6561.5	0	1000	-1.53621652179532E-17	998.221093297121
6567	0	1000	-1.53736885471892E-17	998.222583643259
6572.5	0	1000	-1.53852274964794E-17	998.224071502737
6578	0	1000	-1.53967820617336E-17	998.22555687946
6583.5	0	1000	-1.54083522146912E-17	998.227039777197
6589	0	1000	-1.54199379025545E-17	998.228520199586
6594.5	0	1000	-1.54315351725076E-17	998.22999820464
6600	0	1000	-1.54431313050996E-17	998.231473973202
6605.5	0	1000	-1.54547404528141E-17	998.232947307608
6611	0	1000	-1.5466362340699E-17	998.234418212644
6616.5	0	1000	-1.54779966638894E-17	998.235886693
6622	0	1000	-1.54896430871956E-17	998.237352753279
6627.5	0	1000	-1.55013012446907E-17	998.23881639799
6633	0	1000	-1.55129707392983E-17	998.240277631551
6638.5	0	1000	-1.55246511423807E-17	998.241736458285
6644	0	1000	-1.55363419933261E-17	998.243192882421
6649.5	0	1000	-1.55480427991367E-17	998.244646908096
6655	0	1000	-1.55597530340164E-17	998.246098539347
6660.5	0	1000	-1.55714721389585E-17	998.24754778012
6666	0	1000	-1.55831995213338E-17	998.24899463426
6671.5	0	1000	-1.55949345544778E-17	998.250439105515
6677	0	1000	-1.56066765772788E-17	998.251881197537
6682.5	0	1000	-1.56184248937659E-17	998.253320913876
6688	0	1000	-1.56301787726962E-17	998.254758257984
6693.5	0	1000	-1.5641937447143E-17	998.256193233212
6699	0	1000	-1.56537001140834E-17	998.25762584281
6704.5	0	1000	-1.56654659339863E-17	998.259056089925
6710	0	1000	-1.56772340303998E-17	998.260483977602
6715.5	0	1000	-1.56890034895391E-17	998.261909508784
6721	0	1000	-1.57007733598745E-17	998.263332686307
6726.5	0	1000	-1.57125426517188E-17	998.264753512903
6732	0	1000	-1.57243103368154E-17	998.2661719912
6737.5	0	1000	-1.57360753479258E-17	998.267588123719
6743	0	1000	-1.57478365784177E-17	998.269001912872
6748.5	0	1000	-1.57595928818522E-17	998.270413360966
6754	0	1000	-1.57713430715723E-17	998.271822470198
6759.5	0	1000	-1.578308592029E-17	998.273229242656
6765	0	1000	-1.57948201596746E-17	998.274633680318
6770.5	0	1000	-1.58065444799401E-17	998.276035785051
6776	0	1000	-1.58182575294332E-17	998.277435558612
6781.5	0	1000	-1.58299579142207E-17	998.278833002644
6787	0	1000	-1.58416441976778E-17	998.280228118679
6792.5	0	1000	-1.58533149000756E-17	998.281620908134
6798	0	1000	-1.58649684981688E-17	998.283011372312
6803.5	0	1000	-1.58766446169753E-17	998.28439963998
6809	0	1000	-1.58884737188288E-17	998.285786121267
6814.5	0	1000	-1.59003041552485E-17	998.287170352576
6820	0	1000	-1.59121354917308E-17	998.288552338671
6825.5	0	1000	-1.59239672854704E-17	998.289932084311
6831	0	1000	-1.5935799085425E-17	998.291309594256
6836.5	0	1000	-1.59476304323793E-17	998.292684873264
6842	0	1000	-1.595946085901E-17	998.29405792609
6847.5	0	1000	-1.59712898899498E-17	998.295428757495
6853	0	1000	-1.5983117041852E-17	998.296797372236
6858.5	0	1000	-1.5994941823455E-17	998.298163775075
6864	0	1000	-1.60067637356466E-17	998.299527970776
6869.5	0	1000	-1.60185822715286E-17	998.300889964108
6875	0	1000	-1.60303969164811E-17	998.302249759842
6880.5	0	1000	-1.60422071482268E-17	998.303607362754
6886	0	1000	-1.60540124368958E-17	998.304962777629
6891.5	0	1000	-1.60658122450898E-17	998.306316009256
6897	0	1000	-1.60776060279466E-17	998.307667062431
6902.5	0	1000	-1.60893932332045E-17	998.30901594196
6908	0	1000	-1.61011733012666E-17	998.310362652655
6913.5	0	1000	-1.61129456652657E-17	998.311707199342
6919	0	1000	-1.61247097511281E-17	998.313049586852
6924.5	0	1000	-1.61364649776386E-17	998.314389820032
6930	0	1000	-1.61482107565045E-17	998.315727903737
6935.5	0	1000	-1.61599464924205E-17	998.317063842837
6941	0	1000	-1.61716715831324E-17	998.318397642214
6946.5	0	1000	-1.61833854195026E-17	998.319729306766
6952	0	1000	-1.61950873855734E-17	998.321058841403
6957.5	0	1000	-1.62067768586323E-17	998.322386251054
6963	0	1000	-1.6218453209276E-17	998.32371154066
6968.5	0	1000	-1.62301158014749E-17	998.325034715184
6974	0	1000	-1.62417639926378E-17	998.326355779602
6979.5	0	1000	-1.62533971336757E-17	998.327674738914
6985	0	1000	-1.62650145690671E-17	998.328991598134
6990.5	0	1000	-1.62766156369217E-17	998.3303063623
6996	0	1000	-1.62881996690452E-17	998.33161903647
7001.5	0	1000	-1.62997659910037E-17	998.332929625721
7007	0	1000	-1.63113139221881E-17	998.334238135156
7012.5	0	1000	-1.63228647071576E-17	998.335544577182
7018	0	1000	-1.63344869062094E-17	998.336848979945
7023.5	0	1000	-1.63461009107482E-17	998.338151322414
7029	0	1000	-1.63577066842485E-17	998.33945161001
7034.5	0	1000	-1.63693042039894E-17	998.340749848184
7040	0	1000	-1.63808934613701E-17	998.342046042426
7045.5	0	1000	-1.63924744622262E-17	998.343340198254
7051	0	1000	-1.6404047227145E-17	998.344632321225
7056.5	0	1000	-1.64156117917817E-17	998.345922416932
7062	0	1000	-1.64271682071748E-17	998.347210491004
7067.5	0	1000	-1.64387165400625E-17	998.348496549106
7073	0	1000	-1.64502568731979E-17	998.349780596945
7078.5	0	1000	-1.64617893056649E-17	998.351062640265
7084	0	1000	-1.64733139531944E-17	998.352342684851
7089.5	0	1000	-1.64848309484798E-17	998.353620736528
7095	0	1000	-1.64963404414926E-17	998.354896801165
7100.5	0	1000	-1.65078425997988E-17	998.356170884671
7106	0	1000	-1.6519337608874E-17	998.357442993001
7111.5	0	1000	-1.65308256724198E-17	998.358713132153
7117	0	1000	-1.65423070126792E-17	998.359981308171
7122.5	0	1000	-1.65537818707525E-17	998.361247527143
7128	0	1000	-1.65652505069135E-17	998.362511795208
7133.5	0	1000	-1.65767132009244E-17	998.363774118548
7139	0	1000	-1.65881702523526E-17	998.365034503396
7144.5	0	1000	-1.65996219808859E-17	998.366292956036
7150	0	1000	-1.66110687266483E-17	998.367549482799
7155.5	0	1000	-1.66225108505162E-17	998.368804090068
7161	0	1000	-1.66339487344339E-17	998.37005678428
7166.5	0	1000	-1.66453827817294E-17	998.371307571922
7172	0	1000	-1.66568134174302E-17	998.372556459536
7177.5	0	1000	-1.66682410885792E-17	998.373803453717
7183	0	1000	-1.66796662645506E-17	998.375048561119
7188.5	0	1000	-1.66910894373655E-17	998.376291788447
7194	0	1000	-1.67025111220076E-17	998.377533142466
7199.5	0	1000	-1.67139318567393E-17	998.378772629999
7205	0	1000	-1.67253522034175E-17	998.380010257926
7210.5	0	1000	-1.67367727478089E-17	998.381246033187
7216	0	1000	-1.67481940999066E-17	998.382479962782
7221.5	0	1000	-1.6759577738496E-17	998.383711877074
7227	0	1000	-1.67708046651253E-17	998.384941243197
7232.5	0	1000	-1.67820165453894E-17	998.386168704552
7238	0	1000	-1.679321343335E-17	998.387394265428
7243.5	0	1000	-1.68043954029308E-17	998.388617930152
7249	0	1000	-1.68155625483925E-17	998.389839703092
7254.5	0	1000	-1.68267149848076E-17	998.391059588653
7260	0	1000	-1.68378528485346E-17	998.392277591286
7265.5	0	1000	-1.68489762976934E-17	998.393493715483
7271	0	1000	-1.68600855126393E-17	998.394707965784
7276.5	0	1000	-1.68711806964383E-17	998.395920346773
7282	0	1000	-1.68822620753413E-17	998.397130863084
7287.5	0	1000	-1.68933298992591E-17	998.398339519403
7293	0	1000	-1.69043844422368E-17	998.399546320463
7298.5	0	1000	-1.69154260029291E-17	998.400751271056
7304	0	1000	-1.69264549050741E-17	998.401954376023
7309.5	0	1000	-1.69374714979687E-17	998.403155640265
7315	0	1000	-1.6948476156943E-17	998.40435506874
7320.5	0	1000	-1.69594692838352E-17	998.405552666464
7326	0	1000	-1.69704513074659E-17	998.406748438516
7331.5	0	1000	-1.69814226841133E-17	998.407942390036
7337	0	1000	-1.69923838979872E-17	998.409134526228
7342.5	0	1000	-1.70033354617047E-17	998.410324852363
7348	0	1000	-1.70142779167638E-17	998.411513373778
7353.5	0	1000	-1.70252118340189E-17	998.412700095879
7359	0	1000	-1.70361378141551E-17	998.413885024141
7364.5	0	1000	-1.7047056488163E-17	998.415068164114
7370	0	1000	-1.70579685178133E-17	998.416249521418
7375.5	0	1000	-1.70688745961317E-17	998.417429101749
7381	0	1000	-1.70797754478735E-17	998.418606910881
7386.5	0	1000	-1.7090671829998E-17	998.419782954663
7392	0	1000	-1.71015645321437E-17	998.420957239027
7397.5	0	1000	-1.71124543771026E-17	998.422129769983
7403	0	1000	-1.71233422212952E-17	998.423300553626
7408.5	0	1000	-1.71342289552448E-17	998.424469596134
7414	0	1000	-1.71451155040526E-17	998.425636903771
7419.5	0	1000	-1.71560028278722E-17	998.426802482888
7425	0	1000	-1.7166891922384E-17	998.427966339926
7430.5	0	1000	-1.71777838192707E-17	998.429128481416
7436	0	1000	-1.71886795866911E-17	998.43028891398
7441.5	0	1000	-1.71995803297553E-17	998.431447644334
7447	0	1000	-1.72104871909993E-17	998.43260467929
7452.5	0	1000	-1.72214013508597E-17	998.433760025755
7458	0	1000	-1.72323240281482E-17	998.434913690737
7463.5	0	1000	-1.72432564805265E-17	998.436065681341
7469	0	1000	-1.72542000049811E-17	998.437216004774
7474.5	0	1000	-1.72651559382977E-17	998.438364668346
7480	0	1000	-1.7276125657536E-17	998.439511679473
7485.5	0	1000	-1.72871105805044E-17	998.440657045674
7491	0	1000	-1.72981121662348E-17	998.441800774578
7496.5	0	1000	-1.73091319154572E-17	998.442942873922
7502	0	1000	-1.73201713710744E-17	998.444083351553
7507.5	0	1000	-1.73312321186366E-17	998.445222215432
7513	0	1000	-1.73423157868161E-17	998.446359473632
7518.5	0	1000	-1.73534240478823E-17	998.447495134342
7524	0	1000	-1.73645586181761E-17	998.448629205868
7529.5	0	1000	-1.73757212585846E-17	998.449761696635
7535	0	1000	-1.73869137750157E-17	998.450892615186
7540.5	0	1000	-1.73981380188733E-17	998.452021970187
7546	0	1000	-1.74093958875313E-17	998.453149770427
7551.5	0	1000	-1.74206893248088E-17	998.454276024819
7557	0	1000	-1.74320203214445E-17	998.455400742403
7562.5	0	1000	-1.74433909155716E-17	998.456523932346
7568	0	1000	-1.74548031931924E-17	998.457645603944
7573.5	0	1000	-1.7466259288653E-17	998.458765766625
7579	0	1000	-1.74777613851179E-17	998.459884429949
7584.5	0	1000	-1.74891872940454E-17	998.461001245581
7590	0	1000	-1.74998455073596E-17	998.462114226934
7595.5	0	1000	-1.75104945560617E-17	998.463225559973
7601	0	1000	-1.75211348192564E-17	998.464335249038
7606.5	0	1000	-1.7531766695902E-17	998.465443298514
7612	0	1000	-1.75423906051438E-17	998.466549712841
7617.5	0	1000	-1.7553006986647E-17	998.467654496511
7623	0	1000	-1.75636163009307E-17	998.468757654067
7628.5	0	1000	-1.75742190297006E-17	998.46985919011
7634	0	1000	-1.75848156761831E-17	998.470959109294
7639.5	0	1000	-1.75954067654581E-17	998.47205741633
7645	0	1000	-1.76059928447923E-17	998.473154115989
7650.5	0	1000	-1.76165744839733E-17	998.474249213099
7656	0	1000	-1.76271522756419E-17	998.475342712549
7661.5	0	1000	-1.76377268356266E-17	998.47643461929
7667	0	1000	-1.76482988032759E-17	998.477524938335
7672.5	0	1000	-1.76588688417924E-17	998.478613674761
7678	0	1000	-1.7669437638566E-17	998.479700833709
7683.5	0	1000	-1.76800059055069E-17	998.480786420388
7689	0	1000	-1.76905743793795E-17	998.481870440071
7694.5	0	1000	-1.77011438221354E-17	998.482952898103
7700	0	1000	-1.77117150212469E-17	998.484033799895
7705.5	0	1000	-1.77222887900404E-17	998.485113150932
7711	0	1000	-1.77328659680295E-17	998.486190956768
7716.5	0	1000	-1.77434474212488E-17	998.487267223031
7722	0	1000	-1.77540340425869E-17	998.488341955422
7727.5	0	1000	-1.776462675212E-17	998.48941515972
7733	0	1000	-1.77752264974449E-17	998.490486841777
7738.5	0	1000	-1.7785834254013E-17	998.491557007524
7744	0	1000	-1.77964510254629E-17	998.492625662971
7749.5	0	1000	-1.78070778439545E-17	998.493692814208
7755	0	1000	-1.78177157705018E-17	998.494758467403
7760.5	0	1000	-1.78283658953065E-17	998.495822628811
7766	0	1000	-1.78390293380913E-17	998.496885304766
7771.5	0	1000	-1.78497072484335E-17	998.497946501688
7777	0	1000	-1.78604008060979E-17	998.499006226082
7782.5	0	1000	-1.78711112213706E-17	998.500064484541
7788	0	1000	-1.78818397353922E-17	998.501121283745
7793.5	0	1000	-1.7892587620491E-17	998.502176630461
7799	0	1000	-1.79033561805168E-17	998.503230531549
7804.5	0	1000	-1.79141467511738E-17	998.50428299396
7810	0	1000	-1.7924960700354E-17	998.505334024735
7815.5	0	1000	-1.7935799428471E-17	998.506383631011
7821	0	1000	-1.7946664368793E-17	998.507431820018
7826.5	0	1000	-1.79575569877761E-17	998.508478599082
7832	0	1000	-1.79684787853979E-17	998.509523975628
7837.5	0	1000	-1.79794312954909E-17	998.510567957177
7843	0	1000	-1.79904160860755E-17	998.51161055135
7848.5	0	1000	-1.80014347596937E-17	998.512651765868
7854	0	1000	-1.80124889537424E-17	998.513691608553
7859.5	0	1000	-1.80235803408067E-17	998.514730087332
7865	0	1000	-1.80347106289932E-17	998.515767210234
7870.5	0	1000	-1.80458815622635E-17	998.516802985393
7876	0	1000	-1.80570949207676E-17	998.51783742105
7881.5	0	1000	-1.80683525211771E-17	998.518870525552
7887	0	1000	-1.80796562170187E-17	998.519902307356
7892.5	0	1000	-1.80910078990073E-17	998.520932775028
7898	0	1000	-1.81024094953799E-17	998.521961937244
7903.5	0	1000	-1.81138629722283E-17	998.522989802792
7909	0	1000	-1.81253703338331E-17	998.524016380575
7914.5	0	1000	-1.81369336229965E-17	998.525041679607
7920	0	1000	-1.81485549213761E-17	998.52606570902
7925.5	0	1000	-1.8160236349818E-17	998.527088478061
7931	0	1000	-1.81719800686904E-17	998.528109996095
7936.5	0	1000	-1.81837882782165E-17	998.529130272606
7942	0	1000	-1.81956632188085E-17	998.530149317197
7947.5	0	1000	-1.82075657518408E-17	998.531167018223
7953	0	1000	-1.82189173840556E-17	998.532181683584
7958.5	0	1000	-1.82302887756409E-17	998.533194988516
7964	0	1000	-1.82416799915404E-17	998.534206936258
7969.5	0	1000	-1.82530910816344E-17	998.535217530009
7975	0	1000	-1.82645220804562E-17	998.536226772924
7980.5	0	1000	-1.82759730069099E-17	998.537234668117
7986	0	1000	-1.8287443863987E-17	998.53824121866
7991.5	0	1000	-1.82989346384837E-17	998.539246427578
7997	0	1000	-1.83104453007178E-17	998.540250297854
8002.5	0	1000	-1.83219758042462E-17	998.541252832425
8008	0	1000	-1.83335260855815E-17	998.542254034184
8013.5	0	1000	-1.83450960639093E-17	998.543253905974
8019	0	1000	-1.83566856408053E-17	998.544252450594
8024.5	0	1000	-1.83682946999525E-17	998.545249670795
8030	0	1000	-1.8379923106858E-17	998.546245569277
8035.5	0	1000	-1.83915707085704E-17	998.547240148694
8041	0	1000	-1.84032373333965E-17	998.548233411648
8046.5	0	1000	-1.84149227906188E-17	998.549225360693
8052	0	1000	-1.84266268702123E-17	998.55021599833
8057.5	0	1000	-1.84383493425618E-17	998.551205327009
8063	0	1000	-1.84500899581788E-17	998.552193349127
8068.5	0	1000	-1.84618484474187E-17	998.553180067029
8074	0	1000	-1.84736245201977E-17	998.554165483006
8079.5	0	1000	-1.84854178657104E-17	998.555149599293
8085	0	1000	-1.84972281521461E-17	998.556132418074
8090.5	0	1000	-1.85090550264066E-17	998.557113941472
8096	0	1000	-1.85208981138229E-17	998.558094171559
8101.5	0	1000	-1.85327570178723E-17	998.559073110346
8107	0	1000	-1.85446313198957E-17	998.560050759788
8112.5	0	1000	-1.85565205788145E-17	998.561027121782
8118	0	1000	-1.85684243308477E-17	998.562002198166
8123.5	0	1000	-1.85803420892292E-17	998.562975990717
8129	0	1000	-1.85922733439245E-17	998.563948501153
8134.5	0	1000	-1.86042175613482E-17	998.564919731131
8140	0	1000	-1.86161741840807E-17	998.565889682247
8145.5	0	1000	-1.86281426305855E-17	998.566858356032
8151	0	1000	-1.86401222949265E-17	998.567825753958
8156.5	0	1000	-1.86521125464846E-17	998.56879187743
8162	0	1000	-1.86641127296752E-17	998.569756727791
8167.5	0	1000	-1.86761221636649E-17	998.570720306318
8173	0	1000	-1.86881401420891E-17	998.571682614222
8178.5	0	1000	-1.87001659327685E-17	998.572643652651
8184	0	1000	-1.87121987774268E-17	998.573603422681
8189.5	0	1000	-1.87242378914071E-17	998.574561925325
8195	0	1000	-1.87362824633898E-17	998.575519161525
8200.5	0	1000	-1.87483316551089E-17	998.576475132156
8206	0	1000	-1.87603846010694E-17	998.577429838022
8211.5	0	1000	-1.87724404082648E-17	998.578383279857
8217	0	1000	-1.87845691719195E-17	998.57933558429
8222.5	0	1000	-1.87967804112629E-17	998.580286770482
8228	0	1000	-1.88090044093005E-17	998.581236717025
8233.5	0	1000	-1.88212407005554E-17	998.582185425324
8239	0	1000	-1.88334888032349E-17	998.583132896735
8244.5	0	1000	-1.88457482190786E-17	998.584079132559
8250	0	1000	-1.88580184332044E-17	998.585024134049
8255.5	0	1000	-1.88702989139566E-17	998.585967902404
8261	0	1000	-1.88825891127521E-17	998.586910438768
8266.5	0	1000	-1.88948884639282E-17	998.587851744236
8272	0	1000	-1.89071963845889E-17	998.588791819845
8277.5	0	1000	-1.89195122744526E-17	998.589730666582
8283	0	1000	-1.89318355156988E-17	998.590668285377
8288.5	0	1000	-1.89441654728154E-17	998.591604677104
8294	0	1000	-1.89565014924454E-17	998.592539842584
8299.5	0	1000	-1.89688429032343E-17	998.593473782582
8305	0	1000	-1.89811890156771E-17	998.594406497806
8310.5	0	1000	-1.89935391219651E-17	998.595337988907
8316	0	1000	-1.90058924958335E-17	998.596268256478
8321.5	0	1000	-1.90182483924077E-17	998.597197301058
8327	0	1000	-1.90306060480512E-17	998.598125123125
8332.5	0	1000	-1.90429646802117E-17	998.5990517231
8338	0	1000	-1.90553234872693E-17	998.599977101343
8343.5	0	1000	-1.90676816483825E-17	998.600901258158
8349	0	1000	-1.90800383233359E-17	998.601824193787
8354.5	0	1000	-1.9092392652387E-17	998.602745908412
8360	0	1000	-1.91047437561134E-17	998.603666402157
8365.5	0	1000	-1.91170907352596E-17	998.604585675081
8371	0	1000	-1.91294326705846E-17	998.605503727186
8376.5	0	1000	-1.91417686227082E-17	998.606420558408
8382	0	1000	-1.91540976319588E-17	998.607336168623
8387.5	0	1000	-1.91664187182198E-17	998.608250557645
8393	0	1000	-1.91787308807772E-17	998.609163725224
8398.5	0	1000	-1.91910330981665E-17	998.610075671045
8404	0	1000	-1.92033243280194E-17	998.610986394731
8409.5	0	1000	-1.92156035069114E-17	998.611895895841
8415	0	1000	-1.92278695502085E-17	998.612804173867
8420.5	0	1000	-1.92401213519145E-17	998.613711228238
8426	0	1000	-1.92523577845177E-17	998.614617058316
8431.5	0	1000	-1.92645776988386E-17	998.615521663397
8437	0	1000	-1.9276779923876E-17	998.61642504271
8442.5	0	1000	-1.9288963266655E-17	998.617327195419
8448	0	1000	-1.93011265120735E-17	998.618228120619
8453.5	0	1000	-1.93132684227496E-17	998.619127817337
8459	0	1000	-1.93253877388682E-17	998.620026284533
8464.5	0	1000	-1.93374831780286E-17	998.620923521097
8470	0	1000	-1.93495534350912E-17	998.621819525851
8475.5	0	1000	-1.93615971820246E-17	998.622714297546
8481	0	1000	-1.93736130677528E-17	998.623607834865
8486.5	0	1000	-1.93858966145478E-17	998.624500902262
8492	0	1000	-1.93981997421986E-17	998.62539286196
8497.5	0	1000	-1.94104994747076E-17	998.626283656831
8503	0	1000	-1.94227955743657E-17	998.627173288384
8508.5	0	1000	-1.94350878073811E-17	998.628061758131
8514	0	1000	-1.9447375944006E-17	998.628949067583
8519.5	0	1000	-1.9459659758664E-17	998.62983521825
8525	0	1000	-1.94719390300769E-17	998.630720211643
8530.5	0	1000	-1.94842135413919E-17	998.631604049274
8536	0	1000	-1.94964830803088E-17	998.632486732654
8541.5	0	1000	-1.95087474392069E-17	998.633368263299
8547	0	1000	-1.95210064152718E-17	998.634248642722
8552.5	0	1000	-1.95332598106233E-17	998.635127872441
8558	0	1000	-1.95455074324415E-17	998.636005953974
8563.5	0	1000	-1.95577490930947E-17	998.636882888843
8569	0	1000	-1.95699846102659E-17	998.637758678571
8574.5	0	1000	-1.95822138070801E-17	998.638633324686
8580	0	1000	-1.95944365122314E-17	998.639506828717
8585.5	0	1000	-1.96066525601099E-17	998.640379192197
8591	0	1000	-1.96188617909291E-17	998.641250416665
8596.5	0	1000	-1.96310640508528E-17	998.642120503662
8602	0	1000	-1.96432591921218E-17	998.642989454733
8607.5	0	1000	-1.96554470731817E-17	998.643857271429
8613	0	1000	-1.96676275588093E-17	998.644723955307
8618.5	0	1000	-1.96798005202403E-17	998.645589507925
8624	0	1000	-1.96919658352957E-17	998.646453930852
8629.5	0	1000	-1.97041233885095E-17	998.647317225659
8635	0	1000	-1.97162730712553E-17	998.648179393925
8640.5	0	1000	-1.97284147818735E-17	998.649040437234
8646	0	1000	-1.97405484257988E-17	998.64990035718
8651.5	0	1000	-1.97526739156864E-17	998.650759155359
8657	0	1000	-1.97647911715401E-17	998.651616833378
8662.5	0	1000	-1.97769001208384E-17	998.652473392852
8668	0	1000	-1.97890006986623E-17	998.653328835401
8673.5	0	1000	-1.98010928478221E-17	998.654183162655
8679	0	1000	-1.98131765189843E-17	998.655036376253
8684.5	0	1000	-1.98252516707991E-17	998.655888477842
8690	0	1000	-1.98373182700269E-17	998.656739469079
8695.5	0	1000	-1.98493762916661E-17	998.657589351628
8701	0	1000	-1.98614257190793E-17	998.658438127165
8706.5	0	1000	-1.98734665441213E-17	998.659285797376
8712	0	1000	-1.98854987672654E-17	998.660132363956
8717.5	0	1000	-1.9897522397731E-17	998.660977828612
8723	0	1000	-1.99095374536102E-17	998.66182219306
8728.5	0	1000	-1.99215439619955E-17	998.662665459028
8734	0	1000	-1.99335419591062E-17	998.663507628257
8739.5	0	1000	-1.99455314904159E-17	998.664348702497
8745	0	1000	-1.99575126107795E-17	998.665188683512
8750.5	0	1000	-1.99694891912611E-17	998.666027634133
8756	0	1000	-1.99814649995601E-17	998.666865615391
8761.5	0	1000	-1.99934335752173E-17	998.667702524126
8767	0	1000	-2.00053950526193E-17	998.668538362805
8772.5	0	1000	-2.00173495771094E-17	998.669373133924
8778	0	1000	-2.00292973051247E-17	998.67020684001
8783.5	0	1000	-2.00412384043318E-17	998.671039483617
8789	0	1000	-2.00531730537643E-17	998.67187106733
8794.5	0	1000	-2.00651014439583E-17	998.672701593764
8800	0	1000	-2.00770237770899E-17	998.673531065565
8805.5	0	1000	-2.00889402671108E-17	998.674359485411
8811	0	1000	-2.01008511398857E-17	998.67518685601
8816.5	0	1000	-2.01127566333281E-17	998.676013180104
8822	0	1000	-2.01246569975372E-17	998.676838460466
8827.5	0	1000	-2.01365524949346E-17	998.677662699903
8833	0	1000	-2.01484434004001E-17	998.678485901256
8838.5	0	1000	-2.01603300014092E-17	998.679308067397
8844	0	1000	-2.01722125981687E-17	998.680129201237
8849.5	0	1000	-2.01840915037539E-17	998.680949305718
8855	0	1000	-2.01959670442449E-17	998.681768383819
8860.5	0	1000	-2.02078395588629E-17	998.682586438554
8866	0	1000	-2.0219709400107E-17	998.683403472973
8871.5	0	1000	-2.02315769338908E-17	998.684219490164
8877	0	1000	-2.02434425396784E-17	998.685034493251
8882.5	0	1000	-2.02553066106218E-17	998.685848485395
8888	0	1000	-2.02671695536964E-17	998.686661469796
8893.5	0	1000	-2.02790317898385E-17	998.687473449692
8899	0	1000	-2.02908937540809E-17	998.688284428359
8904.5	0	1000	-2.03027558956903E-17	998.689094409113
8910	0	1000	-2.03146186783032E-17	998.68990339531
8915.5	0	1000	-2.03264825800627E-17	998.690711390346
8921	0	1000	-2.03383480937548E-17	998.691518397658
8926.5	0	1000	-2.03502157269454E-17	998.692324420722
8932	0	1000	-2.03620860021163E-17	998.693129463057
8937.5	0	1000	-2.03739594568018E-17	998.693933528226
8943	0	1000	-2.03858366437257E-17	998.69473661983
8948.5	0	1000	-2.03977181309371E-17	998.695538741516
8954	0	1000	-2.04096045019477E-17	998.696339896973
8959.5	0	1000	-2.04214963558675E-17	998.697140089935
8965	0	1000	-2.04333943075422E-17	998.697939324178
8970.5	0	1000	-2.04452989876889E-17	998.698737603525
8976	0	1000	-2.04572110430332E-17	998.699534931842
8981.5	0	1000	-2.04691311364455E-17	998.700331313042
8987	0	1000	-2.04810599470775E-17	998.701126751084
8992.5	0	1000	-2.04929981704987E-17	998.701921249971
8998	0	1000	-2.05049465188332E-17	998.702714813755
9003.5	0	1000	-2.05169057208958E-17	998.703507446536
9009	0	1000	-2.05288765223289E-17	998.70429915246
9014.5	0	1000	-2.05408596857389E-17	998.705089935722
9020	0	1000	-2.05527168298925E-17	998.705879378645
9025.5	0	1000	-2.05645366191628E-17	998.706667751925
9031	0	1000	-2.05763553315377E-17	998.707455167427
9036.5	0	1000	-2.0588173129955E-17	998.708241627514
9042	0	1000	-2.05999901796446E-17	998.709027134553
9047.5	0	1000	-2.06118066481116E-17	998.709811690917
9053	0	1000	-2.06236227051191E-17	998.71059529898
9058.5	0	1000	-2.0635438522671E-17	998.711377961121
9064	0	1000	-2.0647254274995E-17	998.712159679724
9069.5	0	1000	-2.06590701385255E-17	998.712940457175
9075	0	1000	-2.06708862918862E-17	998.713720295864
9080.5	0	1000	-2.06827029158732E-17	998.714499198185
9086	0	1000	-2.06945201934378E-17	998.715277166536
9091.5	0	1000	-2.07063383096695E-17	998.716054203318
9097	0	1000	-2.07181574517786E-17	998.716830310937
9102.5	0	1000	-2.07299778090793E-17	998.7176054918
9108	0	1000	-2.07417995729724E-17	998.71837974832
9113.5	0	1000	-2.07536229369282E-17	998.719153082912
9119	0	1000	-2.07654480964696E-17	998.719925497997
9124.5	0	1000	-2.07772752491546E-17	998.720696995996
9130	0	1000	-2.07891045945594E-17	998.721467579336
9135.5	0	1000	-2.08009363342613E-17	998.722237250446
9141	0	1000	-2.08127706718214E-17	998.723006011761
9146.5	0	1000	-2.08246078127674E-17	998.723773865716
9152	0	1000	-2.08364479645769E-17	998.724540814752
9157.5	0	1000	-2.08482913366598E-17	998.725306861312
9163	0	1000	-2.08601381403414E-17	998.726072007843
9168.5	0	1000	-2.08719885888453E-17	998.726836256796
9174	0	1000	-2.08838428972759E-17	998.727599610624
9179.5	0	1000	-2.08957012826019E-17	998.728362071784
9185	0	1000	-2.09075639636385E-17	998.729123642735
9190.5	0	1000	-2.0919431161031E-17	998.729884325943
9196	0	1000	-2.09313030972367E-17	998.730644123873
9201.5	0	1000	-2.09431799965088E-17	998.731403038996
9207	0	1000	-2.09550620848785E-17	998.732161073784
9212.5	0	1000	-2.09669495901383E-17	998.732918230714
9218	0	1000	-2.09788427418246E-17	998.733674512265
9223.5	0	1000	-2.09907417712009E-17	998.734429920921
9229	0	1000	-2.10026469112401E-17	998.735184459168
9234.5	0	1000	-2.10145583966082E-17	998.735938129493
9240	0	1000	-2.10264764636461E-17	998.73669093439
9245.5	0	1000	-2.10384013503536E-17	998.737442876353
9251	0	1000	-2.10503332963714E-17	998.738193957881
9256.5	0	1000	-2.10622725429645E-17	998.738944181474
9262	0	1000	-2.10742193330045E-17	998.739693549637
9267.5	0	1000	-2.10861739109533E-17	998.740442064878
9273	0	1000	-2.10981365228452E-17	998.741189729706
9278.5	0	1000	-2.11101074162701E-17	998.741936546634
9284	0	1000	-2.11220524240462E-17	998.742682368493
9289.5	0	1000	-2.11338763123788E-17	998.743426782123
9295	0	1000	-2.11456993480868E-17	998.744170311714
9300.5	0	1000	-2.11575215957636E-17	998.744912958894
9306	0	1000	-2.116934312217E-17	998.745654725293
9311.5	0	1000	-2.11811639962342E-17	998.746395612543
9317	0	1000	-2.1192984289052E-17	998.74713562228
9322.5	0	1000	-2.12048040738863E-17	998.747874756143
9328	0	1000	-2.12166234261677E-17	998.74861301577
9333.5	0	1000	-2.1228442423494E-17	998.749350402806
9339	0	1000	-2.12402611456305E-17	998.750086918896
9344.5	0	1000	-2.12520796745099E-17	998.750822565689
9350	0	1000	-2.12638980942322E-17	998.751557344836
9355.5	0	1000	-2.12757164910651E-17	998.75229125799
9361	0	1000	-2.12875349534434E-17	998.753024306808
9366.5	0	1000	-2.12993535719694E-17	998.753756492948
9372	0	1000	-2.13111724394128E-17	998.754487818073
9377.5	0	1000	-2.13229916507108E-17	998.755218283846
9383	0	1000	-2.1334811302968E-17	998.755947891934
9388.5	0	1000	-2.13466314954562E-17	998.756676644006
9394	0	1000	-2.13584523296148E-17	998.757404541735
9399.5	0	1000	-2.13702739090507E-17	998.758131586795
9405	0	1000	-2.13820963395379E-17	998.758857780864
9410.5	0	1000	-2.13939197290181E-17	998.75958312562
9416	0	1000	-2.14057441876002E-17	998.760307622748
9421.5	0	1000	-2.14175698275606E-17	998.761031273932
9427	0	1000	-2.14293967633432E-17	998.76175408086
9432.5	0	1000	-2.14412251115591E-17	998.762476045222
9438	0	1000	-2.14530549909869E-17	998.763197168712
9443.5	0	1000	-2.14648865225728E-17	998.763917453024
9449	0	1000	-2.147671982943E-17	998.764636899858
9454.5	0	1000	-2.14885550368395E-17	998.765355510914
9460	0	1000	-2.15003922722496E-17	998.766073287896
9465.5	0	1000	-2.15122316652757E-17	998.766790232509
9471	0	1000	-2.15240733477011E-17	998.767506346464
9476.5	0	1000	-2.15359174534762E-17	998.76822163147
9482	0	1000	-2.15477641187189E-17	998.768936089243
9487.5	0	1000	-2.15596134817143E-17	998.769649721498
9493	0	1000	-2.15714656829154E-17	998.770362529955
9498.5	0	1000	-2.15833208649421E-17	998.771074516337
9504	0	1000	-2.15951791725819E-17	998.771785682367
9509.5	0	1000	-2.16070407527898E-17	998.772496029773
9515	0	1000	-2.1618905754688E-17	998.773205560284
9520.5	0	1000	-2.16307743295664E-17	998.773914275633
9526	0	1000	-2.16426466308821E-17	998.774622177555
9531.5	0	1000	-2.16545228142595E-17	998.775329267788
9537	0	1000	-2.16664030374907E-17	998.776035548072
9542.5	0	1000	-2.16782874605349E-17	998.77674102015
9548	0	1000	-2.16901762455191E-17	998.777445685767
9553.5	0	1000	-2.17020695567373E-17	998.778149546671
9559	0	1000	-2.17139675606511E-17	998.778852604614
9564.5	0	1000	-2.17258704258896E-17	998.779554861349
9570	0	1000	-2.17377783232491E-17	998.780256318632
9575.5	0	1000	-2.17496914256934E-17	998.780956978221
9581	0	1000	-2.17616099083537E-17	998.781656841878
9586.5	0	1000	-2.17735339485287E-17	998.782355911366
9592	0	1000	-2.17854637256843E-17	998.783054188453
9597.5	0	1000	-2.17973994214541E-17	998.783751674907
9603	0	1000	-2.18093412196388E-17	998.784448372501
9608.5	0	1000	-2.18212893062067E-17	998.785144283008
9614	0	1000	-2.18332438692935E-17	998.785839408206
9619.5	0	1000	-2.18452050992022E-17	998.786533749874
9625	0	1000	-2.18571731884033E-17	998.787227309794
9630.5	0	1000	-2.18691483315347E-17	998.787920089753
9636	0	1000	-2.18811307254017E-17	998.788612091536
9641.5	0	1000	-2.18931205689769E-17	998.789303316935
9647	0	1000	-2.19051180634005E-17	998.789993767741
9652.5	0	1000	-2.19171234119799E-17	998.790683445752
9658	0	1000	-2.19291368201902E-17	998.791372352763
9663.5	0	1000	-2.19411584956735E-17	998.792060490577
9669	0	1000	-2.19531886482397E-17	998.792747860997
9674.5	0	1000	-2.19652274898659E-17	998.793434465828
9680	0	1000	-2.19772752346966E-17	998.794120306879
9685.5	0	1000	-2.19893320990437E-17	998.794805385961
9691	0	1000	-2.20013983013868E-17	998.795489704887
9696.5	0	1000	-2.20134740623724E-17	998.796173265476
9702	0	1000	-2.20255596048148E-17	998.796856069545
9707.5	0	1000	-2.20375107088307E-17	998.797537834006
9713	0	1000	-2.20494181572953E-17	998.798218739301
9718.5	0	1000	-2.20613266008249E-17	998.798898874874
9724	0	1000	-2.20732360711159E-17	998.799578242161
9729.5	0	1000	-2.20851466004622E-17	998.800256842598
9735	0	1000	-2.20970582217554E-17	998.800934677618
9740.5	0	1000	-2.21089709684849E-17	998.801611748655
9746	0	1000	-2.21208848747379E-17	998.802288057144
9751.5	0	1000	-2.21327999751991E-17	998.802963604517
9757	0	1000	-2.21447163051512E-17	998.803638392207
9762.5	0	1000	-2.21566339004742E-17	998.804312421646
9768	0	1000	-2.21685527976462E-17	998.804985694266
9773.5	0	1000	-2.21804730337428E-17	998.805658211499
9779	0	1000	-2.21923946464374E-17	998.806329974774
9784.5	0	1000	-2.22043176740011E-17	998.807000985522
9790	0	1000	-2.22162421553026E-17	998.807671245174
9795.5	0	1000	-2.22281681298085E-17	998.808340755158
9801	0	1000	-2.22400956375829E-17	998.809009516903
9806.5	0	1000	-2.22520247192879E-17	998.809677531837
9812	0	1000	-2.2263955416183E-17	998.81034480139
9817.5	0	1000	-2.22758877701256E-17	998.811011326987
9823	0	1000	-2.22878218235707E-17	998.811677110057
9828.5	0	1000	-2.22997576195712E-17	998.812342152025
9834	0	1000	-2.23116952017775E-17	998.813006454318
9839.5	0	1000	-2.23236346144378E-17	998.813670018362
9845	0	1000	-2.2335575902398E-17	998.81433284558
9850.5	0	1000	-2.23475191111017E-17	998.814994937399
9856	0	1000	-2.23594642865903E-17	998.815656295242
9861.5	0	1000	-2.23714114755027E-17	998.816316920533
9867	0	1000	-2.23833607250759E-17	998.816976814695
9872.5	0	1000	-2.23953120831441E-17	998.817635979151
9878	0	1000	-2.24072655981396E-17	998.818294415323
9883.5	0	1000	-2.24192213190923E-17	998.818952124633
9889	0	1000	-2.24311792956298E-17	998.819609108503
9894.5	0	1000	-2.24431395779773E-17	998.820265368353
9900	0	1000	-2.2455102216958E-17	998.820920905604
9905.5	0	1000	-2.24670672639925E-17	998.821575721675
9911	0	1000	-2.24790347710993E-17	998.822229817986
9916.5	0	1000	-2.24910047908945E-17	998.822883195957
9922	0	1000	-2.2502977376592E-17	998.823535857005
9927.5	0	1000	-2.25149525820034E-17	998.824187802548
9933	0	1000	-2.25269304615379E-17	998.824839034005
9938.5	0	1000	-2.25389110702027E-17	998.825489552793
9944	0	1000	-2.25508944636023E-17	998.826139360327
9949.5	0	1000	-2.25628806979392E-17	998.826788458024
9955	0	1000	-2.25748698300136E-17	998.827436847301
9960.5	0	1000	-2.25868619172232E-17	998.828084529571
9966	0	1000	-2.25988570175637E-17	998.828731506251
9971.5	0	1000	-2.26108551896283E-17	998.829377778753
9977	0	1000	-2.26228564926081E-17	998.830023348492
9982.5	0	1000	-2.26348609862916E-17	998.830668216882
9988	0	1000	-2.26468687310653E-17	998.831312385335
9993.5	0	1000	-2.26588797879133E-17	998.831955855264
9999	0	1000	-2.26708942184174E-17	998.83259862808
10004.5	0	1000	-2.26829120847573E-17	998.833240705195
10010	0	1000	-2.269493344971E-17	998.833882088019
10015.5	0	1000	-2.27069583766507E-17	998.834522777965
10021	0	1000	-2.27189869295519E-17	998.835162776441
10026.5	0	1000	-2.2731019172984E-17	998.835802084857
10032	0	1000	-2.27430551721152E-17	998.836440704622
10037.5	0	1000	-2.27550949927113E-17	998.837078637145
10043	0	1000	-2.27671387011357E-17	998.837715883834
10048.5	0	1000	-2.27791863643497E-17	998.838352446097
10054	0	1000	-2.27912380499122E-17	998.838988325341
10059.5	0	1000	-2.28032938259799E-17	998.839623522972
10065	0	1000	-2.28153537613072E-17	998.840258040397
10070.5	0	1000	-2.28274179252461E-17	998.840891879022
10076	0	1000	-2.28394863877464E-17	998.841525040253
10081.5	0	1000	-2.28515592193557E-17	998.842157525493
10087	0	1000	-2.2863636491219E-17	998.842789336147
10092.5	0	1000	-2.28757182750794E-17	998.84342047362
10098	0	1000	-2.28878046432775E-17	998.844050939315
10103.5	0	1000	-2.28998956687517E-17	998.844680734634
10109	0	1000	-2.29119914250379E-17	998.845309860981
10114.5	0	1000	-2.29240919862699E-17	998.845938319756
10120	0	1000	-2.29361974271793E-17	998.846566112363
10125.5	0	1000	-2.2948283165397E-17	998.847193152662
10131	0	1000	-2.29603143456397E-17	998.84781931804
10136.5	0	1000	-2.2972346635116E-17	998.848444807256
10142	0	1000	-2.29843800264032E-17	998.849069621409
10147.5	0	1000	-2.29964145119509E-17	998.849693761597
10153	0	1000	-2.30084500840802E-17	998.850317228913
10158.5	0	1000	-2.30204867349844E-17	998.850940024447
10164	0	1000	-2.30325244567286E-17	998.851562149286
10169.5	0	1000	-2.304456324125E-17	998.852183604515
10175	0	1000	-2.30566030803574E-17	998.852804391214
10180.5	0	1000	-2.3068643965732E-17	998.853424510463
10186	0	1000	-2.30806858889266E-17	998.854043963336
10191.5	0	1000	-2.30927288413659E-17	998.854662750906
10197	0	1000	-2.31047728143468E-17	998.855280874241
10202.5	0	1000	-2.31168177990378E-17	998.855898334408
10208	0	1000	-2.31288637864797E-17	998.856515132469
10213.5	0	1000	-2.3140910767585E-17	998.857131269484
10219	0	1000	-2.31529587331381E-17	998.85774674651
10224.5	0	1000	-2.31650076737954E-17	998.858361564602
10230	0	1000	-2.31770575800853E-17	998.858975724809
10235.5	0	1000	-2.31891084424081E-17	998.85958922818
10241	0	1000	-2.32011602510359E-17	998.860202075759
10246.5	0	1000	-2.32132129961129E-17	998.860814268588
10252	0	1000	-2.32252666676552E-17	998.861425807705
10257.5	0	1000	-2.32373212555508E-17	998.862036694146
10263	0	1000	-2.32493767495595E-17	998.862646928944
10268.5	0	1000	-2.32614331393133E-17	998.863256513128
10274	0	1000	-2.32734904143159E-17	998.863865447724
10279.5	0	1000	-2.32855485639431E-17	998.864473733755
10285	0	1000	-2.32976075774426E-17	998.865081372243
10290.5	0	1000	-2.33096674439338E-17	998.865688364203
10296	0	1000	-2.33217281524085E-17	998.866294710651
10301.5	0	1000	-2.33337896917299E-17	998.866900412597
10307	0	1000	-2.33458520506335E-17	998.867505471051
10312.5	0	1000	-2.33579152177267E-17	998.868109887015
10318	0	1000	-2.33699791814886E-17	998.868713661494
10323.5	0	1000	-2.33820439302705E-17	998.869316795485
10329	0	1000	-2.33941094522955E-17	998.869919289985
10334.5	0	1000	-2.34061757356586E-17	998.870521145986
10340	0	1000	-2.34182427683267E-17	998.871122364478
10345.5	0	1000	-2.34303105381389E-17	998.871722946448
10351	0	1000	-2.3442379032806E-17	998.872322892881
10356.5	0	1000	-2.34544482399107E-17	998.872922204755
10362	0	1000	-2.34665181469077E-17	998.87352088305
10367.5	0	1000	-2.34785887411238E-17	998.874118928739
10373	0	1000	-2.34906600097574E-17	998.874716342795
10378.5	0	1000	-2.35027319398791E-17	998.875313126185
10384	0	1000	-2.35148045184313E-17	998.875909279875
10389.5	0	1000	-2.35268777322283E-17	998.876504804828
10395	0	1000	-2.35389515679566E-17	998.877099702003
10400.5	0	1000	-2.35510260121742E-17	998.877693972355
10406	0	1000	-2.35631010513115E-17	998.878287616839
10411.5	0	1000	-2.35751766716704E-17	998.878880636405
10417	0	1000	-2.3587252859425E-17	998.879473032
10422.5	0	1000	-2.35993296006213E-17	998.880064804567
10428	0	1000	-2.36114068811772E-17	998.880655955048
10433.5	0	1000	-2.36234846868824E-17	998.881246484381
10439	0	1000	-2.36355630033989E-17	998.881836393501
10444.5	0	1000	-2.36476418162601E-17	998.88242568334
10450	0	1000	-2.36597211108719E-17	998.883014354827
10455.5	0	1000	-2.36718008725116E-17	998.883602408887
10461	0	1000	-2.36838810863289E-17	998.884189846443
10466.5	0	1000	-2.36959617373451E-17	998.884776668415
10472	0	1000	-2.37080428104536E-17	998.88536287572
10477.5	0	1000	-2.37201242904196E-17	998.885948469271
10483	0	1000	-2.37322061618804E-17	998.886533449979
10488.5	0	1000	-2.37442884093452E-17	998.887117818752
10494	0	1000	-2.3756371017195E-17	998.887701576493
10499.5	0	1000	-2.37684539696828E-17	998.888284724105
10505	0	1000	-2.37805372509336E-17	998.888867262485
10510.5	0	1000	-2.37926208449442E-17	998.88944919253
10516	0	1000	-2.38047047355834E-17	998.89003051513
10521.5	0	1000	-2.38167889065921E-17	998.890611231177
10527	0	1000	-2.38288733415828E-17	998.891191341555
10532.5	0	1000	-2.38409580240402E-17	998.891770847148
10538	0	1000	-2.38530429373208E-17	998.892349748837
10543.5	0	1000	-2.38651280646531E-17	998.892928047497
10549	0	1000	-2.3877216967469E-17	998.893505738486
10554.5	0	1000	-2.38893068983398E-17	998.894082826884
10560	0	1000	-2.39013971993417E-17	998.894659314548
10565.5	0	1000	-2.3913487857542E-17	998.895235202335
10571	0	1000	-2.39255788599171E-17	998.895810491101
10576.5	0	1000	-2.39376701933527E-17	998.896385181698
10582	0	1000	-2.39497618446435E-17	998.896959274974
10587.5	0	1000	-2.39618538004933E-17	998.897532771776
10593	0	1000	-2.39739460475149E-17	998.898105672946
10598.5	0	1000	-2.39860385722305E-17	998.898677979323
10604	0	1000	-2.39981313610713E-17	998.899249691744
10609.5	0	1000	-2.40102244003773E-17	998.899820811042
10615	0	1000	-2.40223176763982E-17	998.900391338048
10620.5	0	1000	-2.40344111752922E-17	998.900961273588
10626	0	1000	-2.40465048831271E-17	998.901530618486
10631.5	0	1000	-2.40585987858795E-17	998.902099373565
10637	0	1000	-2.40706928694352E-17	998.90266753964
10642.5	0	1000	-2.40827871195893E-17	998.903235117527
10648	0	1000	-2.40948815220456E-17	998.903802108038
10653.5	0	1000	-2.41069760624175E-17	998.904368511981
10659	0	1000	-2.41190707262272E-17	998.904934330161
10664.5	0	1000	-2.41311654989059E-17	998.90549956338
10670	0	1000	-2.41432603657944E-17	998.906064212439
10675.5	0	1000	-2.4155355312142E-17	998.906628278132
10681	0	1000	-2.41674503231076E-17	998.907191761253
10686.5	0	1000	-2.41795453837591E-17	998.907754662592
10692	0	1000	-2.41916404790732E-17	998.908316982935
10697.5	0	1000	-2.42037355939361E-17	998.908878723067
10703	0	1000	-2.4215830713143E-17	998.909439883766
10708.5	0	1000	-2.42279258213981E-17	998.910000465812
10714	0	1000	-2.42400209033148E-17	998.910560469978
10719.5	0	1000	-2.42521159434156E-17	998.911119897036
10725	0	1000	-2.42642109261322E-17	998.911678747753
10730.5	0	1000	-2.42763058358052E-17	998.912237022895
10736	0	1000	-2.42884006566845E-17	998.912794723223
10741.5	0	1000	-2.4300495372929E-17	998.913351849497
10747	0	1000	-2.43125899686068E-17	998.913908402472
10752.5	0	1000	-2.4324684427695E-17	998.9144643829
10758	0	1000	-2.433677873408E-17	998.915019791532
10763.5	0	1000	-2.43488728715571E-17	998.915574629113
10769	0	1000	-2.43609668238309E-17	998.916128896387
10774.5	0	1000	-2.4373060574515E-17	998.916682594094
10780	0	1000	-2.4385154107132E-17	998.917235722971
10785.5	0	1000	-2.43972474051138E-17	998.917788283752
10791	0	1000	-2.44093404518015E-17	998.918340277168
10796.5	0	1000	-2.4421433230445E-17	998.918891703946
10802	0	1000	-2.44335257242035E-17	998.919442564812
10807.5	0	1000	-2.44456179161454E-17	998.919992860486
10813	0	1000	-2.4457709789248E-17	998.920542591688
10818.5	0	1000	-2.44698013263978E-17	998.921091759132
10824	0	1000	-2.44818925103905E-17	998.92164036353
10829.5	0	1000	-2.44939833239307E-17	998.922188405593
10835	0	1000	-2.45060737496324E-17	998.922735886026
10840.5	0	1000	-2.45181637700186E-17	998.923282805531
10846	0	1000	-2.45302533675212E-17	998.923829164809
10851.5	0	1000	-2.45423425244814E-17	998.924374964557
10857	0	1000	-2.45544312231496E-17	998.924920205467
10862.5	0	1000	-2.45665194456852E-17	998.92546488823
10868	0	1000	-2.45786071741567E-17	998.926009013535
10873.5	0	1000	-2.45906943905417E-17	998.926552582064
10879	0	1000	-2.46027810767269E-17	998.9270955945
10884.5	0	1000	-2.46148672145083E-17	998.92763805152
10890	0	1000	-2.46269527855908E-17	998.9281799538
10895.5	0	1000	-2.46390377715884E-17	998.92872130201
10901	0	1000	-2.46511221540243E-17	998.92926209682
10906.5	0	1000	-2.4663205914331E-17	998.929802338896
10912	0	1000	-2.46752890338496E-17	998.9303420289
10917.5	0	1000	-2.46873714938309E-17	998.930881167492
10923	0	1000	-2.46994532754344E-17	998.931419755327
10928.5	0	1000	-2.47115343597289E-17	998.93195779306
10934	0	1000	-2.47236147276923E-17	998.932495281339
10939.5	0	1000	-2.47356943602114E-17	998.933032220814
10945	0	1000	-2.47477732380825E-17	998.933568612126
10950.5	0	1000	-2.47598513420107E-17	998.934104455917
10956	0	1000	-2.47719286526103E-17	998.934639752825
10961.5	0	1000	-2.47840051504047E-17	998.935174503484
10967	0	1000	-2.47960853728766E-17	998.935708763721
10972.5	0	1000	-2.4808172372497E-17	998.936242571374
10978	0	1000	-2.48202590774148E-17	998.936775841654
10983.5	0	1000	-2.48323454799796E-17	998.937308575329
10989	0	1000	-2.48444315725548E-17	998.937840773168
10994.5	0	1000	-2.48565173475174E-17	998.938372435938
11000	0	1000	-2.48686027972581E-17	998.938903564401